Finish data loading.
Finish defining problem.
Finish treatment effects model training and testing.
Finish predictor model evaluation.
Overall performance
results
{'productionVolume + mse': array([242134.96552896, 236017.89547391, 231979.77099577, 227771.93533796,
       224537.76530727, 218950.37703956, 217297.04154922, 212070.1127787 ,
       208079.29188414, 203542.48969009, 200316.29068675, 198191.29924706,
       192976.19510256, 189890.07011963, 186087.40803967, 180181.83244546,
       178341.44776216, 174472.83387013, 171440.35966982,             nan])}
overall result
204962.0727646752
calculating case 2
counter 0 [[1452.73242188]
 [1339.0748291 ]
 [1327.01062012]
 [1323.09912109]
 [1326.99060059]
 [1323.07250977]]
som [8091.98010254]
counter 1 [[1452.73242188]
 [1339.0748291 ]
 [1327.01062012]
 [1323.09912109]
 [1326.99060059]
 [1317.90356445]]
som [8086.81115723]
counter 2 [[1452.73242188]
 [1339.0748291 ]
 [1327.01062012]
 [1323.09912109]
 [1321.82189941]
 [1323.07250977]]
som [8086.81140137]
counter 3 [[1452.73242188]
 [1339.0748291 ]
 [1327.01062012]
 [1323.09912109]
 [1321.82189941]
 [1317.90356445]]
som [8081.64245605]
counter 4 [[1452.73242188]
 [1339.0748291 ]
 [1327.01062012]
 [1317.93029785]
 [1326.99060059]
 [1323.07250977]]
som [8086.8112793]
counter 5 [[1452.73242188]
 [1339.0748291 ]
 [1327.01062012]
 [1317.93029785]
 [1326.99060059]
 [1317.90356445]]
som [8081.64233398]
counter 6 [[1452.73242188]
 [1339.0748291 ]
 [1327.01062012]
 [1317.93029785]
 [1321.82189941]
 [1323.07250977]]
som [8081.64257812]
counter 7 [[1452.73242188]
 [1339.0748291 ]
 [1327.01062012]
 [1317.93029785]
 [1321.82189941]
 [1317.90356445]]
som [8076.47363281]
counter 8 [[1452.73242188]
 [1339.0748291 ]
 [1321.84191895]
 [1323.09912109]
 [1326.99060059]
 [1323.07250977]]
som [8086.81140137]
counter 9 [[1452.73242188]
 [1339.0748291 ]
 [1321.84191895]
 [1323.09912109]
 [1326.99060059]
 [1317.90356445]]
som [8081.64245605]
counter 10 [[1452.73242188]
 [1339.0748291 ]
 [1321.84191895]
 [1323.09912109]
 [1321.82189941]
 [1323.07250977]]
som [8081.6427002]
counter 11 [[1452.73242188]
 [1339.0748291 ]
 [1321.84191895]
 [1323.09912109]
 [1321.82189941]
 [1317.90356445]]
som [8076.47375488]
counter 12 [[1452.73242188]
 [1339.0748291 ]
 [1321.84191895]
 [1317.93029785]
 [1326.99060059]
 [1323.07250977]]
som [8081.64257812]
counter 13 [[1452.73242188]
 [1339.0748291 ]
 [1321.84191895]
 [1317.93029785]
 [1326.99060059]
 [1317.90356445]]
som [8076.47363281]
counter 14 [[1452.73242188]
 [1339.0748291 ]
 [1321.84191895]
 [1317.93029785]
 [1321.82189941]
 [1323.07250977]]
som [8076.47387695]
counter 15 [[1452.73242188]
 [1339.0748291 ]
 [1321.84191895]
 [1317.93029785]
 [1321.82189941]
 [1317.90356445]]
som [8071.30493164]
counter 16 [[1452.73242188]
 [1333.90612793]
 [1327.01062012]
 [1323.09912109]
 [1326.99060059]
 [1323.07250977]]
som [8086.81140137]
counter 17 [[1452.73242188]
 [1333.90612793]
 [1327.01062012]
 [1323.09912109]
 [1326.99060059]
 [1317.90356445]]
som [8081.64245605]
counter 18 [[1452.73242188]
 [1333.90612793]
 [1327.01062012]
 [1323.09912109]
 [1321.82189941]
 [1323.07250977]]
som [8081.6427002]
counter 19 [[1452.73242188]
 [1333.90612793]
 [1327.01062012]
 [1323.09912109]
 [1321.82189941]
 [1317.90356445]]
som [8076.47375488]
counter 20 [[1452.73242188]
 [1333.90612793]
 [1327.01062012]
 [1317.93029785]
 [1326.99060059]
 [1323.07250977]]
som [8081.64257812]
counter 21 [[1452.73242188]
 [1333.90612793]
 [1327.01062012]
 [1317.93029785]
 [1326.99060059]
 [1317.90356445]]
som [8076.47363281]
counter 22 [[1452.73242188]
 [1333.90612793]
 [1327.01062012]
 [1317.93029785]
 [1321.82189941]
 [1323.07250977]]
som [8076.47387695]
counter 23 [[1452.73242188]
 [1333.90612793]
 [1327.01062012]
 [1317.93029785]
 [1321.82189941]
 [1317.90356445]]
som [8071.30493164]
counter 24 [[1452.73242188]
 [1333.90612793]
 [1321.84191895]
 [1323.09912109]
 [1326.99060059]
 [1323.07250977]]
som [8081.6427002]
counter 25 [[1452.73242188]
 [1333.90612793]
 [1321.84191895]
 [1323.09912109]
 [1326.99060059]
 [1317.90356445]]
som [8076.47375488]
counter 26 [[1452.73242188]
 [1333.90612793]
 [1321.84191895]
 [1323.09912109]
 [1321.82189941]
 [1323.07250977]]
som [8076.47399902]
counter 27 [[1452.73242188]
 [1333.90612793]
 [1321.84191895]
 [1323.09912109]
 [1321.82189941]
 [1317.90356445]]
som [8071.30505371]
counter 28 [[1452.73242188]
 [1333.90612793]
 [1321.84191895]
 [1317.93029785]
 [1326.99060059]
 [1323.07250977]]
som [8076.47387695]
counter 29 [[1452.73242188]
 [1333.90612793]
 [1321.84191895]
 [1317.93029785]
 [1326.99060059]
 [1317.90356445]]
som [8071.30493164]
counter 30 [[1452.73242188]
 [1333.90612793]
 [1321.84191895]
 [1317.93029785]
 [1321.82189941]
 [1323.07250977]]
som [8071.30517578]
counter 31 [[1452.73242188]
 [1333.90612793]
 [1321.84191895]
 [1317.93029785]
 [1321.82189941]
 [1317.90356445]]
som [8066.13623047]
counter 32 [[1453.97509766]
 [1339.0748291 ]
 [1327.01062012]
 [1323.09912109]
 [1326.99060059]
 [1323.07250977]]
som [8093.22277832]
counter 33 [[1453.97509766]
 [1339.0748291 ]
 [1327.01062012]
 [1323.09912109]
 [1326.99060059]
 [1317.90356445]]
som [8088.05383301]
counter 34 [[1453.97509766]
 [1339.0748291 ]
 [1327.01062012]
 [1323.09912109]
 [1321.82189941]
 [1323.07250977]]
som [8088.05407715]
counter 35 [[1453.97509766]
 [1339.0748291 ]
 [1327.01062012]
 [1323.09912109]
 [1321.82189941]
 [1317.90356445]]
som [8082.88513184]
counter 36 [[1453.97509766]
 [1339.0748291 ]
 [1327.01062012]
 [1317.93029785]
 [1326.99060059]
 [1323.07250977]]
som [8088.05395508]
counter 37 [[1453.97509766]
 [1339.0748291 ]
 [1327.01062012]
 [1317.93029785]
 [1326.99060059]
 [1317.90356445]]
som [8082.88500977]
counter 38 [[1453.97509766]
 [1339.0748291 ]
 [1327.01062012]
 [1317.93029785]
 [1321.82189941]
 [1323.07250977]]
som [8082.88525391]
counter 39 [[1453.97509766]
 [1339.0748291 ]
 [1327.01062012]
 [1317.93029785]
 [1321.82189941]
 [1317.90356445]]
som [8077.71630859]
counter 40 [[1453.97509766]
 [1339.0748291 ]
 [1321.84191895]
 [1323.09912109]
 [1326.99060059]
 [1323.07250977]]
som [8088.05407715]
counter 41 [[1453.97509766]
 [1339.0748291 ]
 [1321.84191895]
 [1323.09912109]
 [1326.99060059]
 [1317.90356445]]
som [8082.88513184]
counter 42 [[1453.97509766]
 [1339.0748291 ]
 [1321.84191895]
 [1323.09912109]
 [1321.82189941]
 [1323.07250977]]
som [8082.88537598]
counter 43 [[1453.97509766]
 [1339.0748291 ]
 [1321.84191895]
 [1323.09912109]
 [1321.82189941]
 [1317.90356445]]
som [8077.71643066]
counter 44 [[1453.97509766]
 [1339.0748291 ]
 [1321.84191895]
 [1317.93029785]
 [1326.99060059]
 [1323.07250977]]
som [8082.88525391]
counter 45 [[1453.97509766]
 [1339.0748291 ]
 [1321.84191895]
 [1317.93029785]
 [1326.99060059]
 [1317.90356445]]
som [8077.71630859]
counter 46 [[1453.97509766]
 [1339.0748291 ]
 [1321.84191895]
 [1317.93029785]
 [1321.82189941]
 [1323.07250977]]
som [8077.71655273]
counter 47 [[1453.97509766]
 [1339.0748291 ]
 [1321.84191895]
 [1317.93029785]
 [1321.82189941]
 [1317.90356445]]
som [8072.54760742]
counter 48 [[1453.97509766]
 [1333.90612793]
 [1327.01062012]
 [1323.09912109]
 [1326.99060059]
 [1323.07250977]]
som [8088.05407715]
counter 49 [[1453.97509766]
 [1333.90612793]
 [1327.01062012]
 [1323.09912109]
 [1326.99060059]
 [1317.90356445]]
som [8082.88513184]
counter 50 [[1453.97509766]
 [1333.90612793]
 [1327.01062012]
 [1323.09912109]
 [1321.82189941]
 [1323.07250977]]
som [8082.88537598]
counter 51 [[1453.97509766]
 [1333.90612793]
 [1327.01062012]
 [1323.09912109]
 [1321.82189941]
 [1317.90356445]]
som [8077.71643066]
counter 52 [[1453.97509766]
 [1333.90612793]
 [1327.01062012]
 [1317.93029785]
 [1326.99060059]
 [1323.07250977]]
som [8082.88525391]
counter 53 [[1453.97509766]
 [1333.90612793]
 [1327.01062012]
 [1317.93029785]
 [1326.99060059]
 [1317.90356445]]
som [8077.71630859]
counter 54 [[1453.97509766]
 [1333.90612793]
 [1327.01062012]
 [1317.93029785]
 [1321.82189941]
 [1323.07250977]]
som [8077.71655273]
counter 55 [[1453.97509766]
 [1333.90612793]
 [1327.01062012]
 [1317.93029785]
 [1321.82189941]
 [1317.90356445]]
som [8072.54760742]
counter 56 [[1453.97509766]
 [1333.90612793]
 [1321.84191895]
 [1323.09912109]
 [1326.99060059]
 [1323.07250977]]
som [8082.88537598]
counter 57 [[1453.97509766]
 [1333.90612793]
 [1321.84191895]
 [1323.09912109]
 [1326.99060059]
 [1317.90356445]]
som [8077.71643066]
counter 58 [[1453.97509766]
 [1333.90612793]
 [1321.84191895]
 [1323.09912109]
 [1321.82189941]
 [1323.07250977]]
som [8077.7166748]
counter 59 [[1453.97509766]
 [1333.90612793]
 [1321.84191895]
 [1323.09912109]
 [1321.82189941]
 [1317.90356445]]
som [8072.54772949]
counter 60 [[1453.97509766]
 [1333.90612793]
 [1321.84191895]
 [1317.93029785]
 [1326.99060059]
 [1323.07250977]]
som [8077.71655273]
counter 61 [[1453.97509766]
 [1333.90612793]
 [1321.84191895]
 [1317.93029785]
 [1326.99060059]
 [1317.90356445]]
som [8072.54760742]
counter 62 [[1453.97509766]
 [1333.90612793]
 [1321.84191895]
 [1317.93029785]
 [1321.82189941]
 [1323.07250977]]
som [8072.54785156]
counter 63 [[1453.97509766]
 [1333.90612793]
 [1321.84191895]
 [1317.93029785]
 [1321.82165527]
 [1317.90368652]]
som [8067.37878418]
32 [8093.22277832]
treatment paln for  2 [[1]
 [1]
 [1]
 [1]
 [1]
 [1]]
calculating case 3
counter 0 [[1433.93920898]
 [1340.96252441]
 [1330.83410645]
 [1326.74572754]
 [1321.91833496]
 [1324.43212891]]
som [8078.83203125]
counter 1 [[1433.93920898]
 [1340.96252441]
 [1330.83410645]
 [1326.74572754]
 [1321.91833496]
 [1319.26330566]]
som [8073.66320801]
counter 2 [[1433.93920898]
 [1340.96252441]
 [1330.83410645]
 [1326.74572754]
 [1316.74951172]
 [1324.43212891]]
som [8073.66320801]
counter 3 [[1433.93920898]
 [1340.96252441]
 [1330.83410645]
 [1326.74572754]
 [1316.74951172]
 [1319.26330566]]
som [8068.49438477]
counter 4 [[1433.93920898]
 [1340.96252441]
 [1330.83410645]
 [1321.57678223]
 [1321.91833496]
 [1324.43212891]]
som [8073.66308594]
counter 5 [[1433.93920898]
 [1340.96252441]
 [1330.83410645]
 [1321.57678223]
 [1321.91833496]
 [1319.26330566]]
som [8068.4942627]
counter 6 [[1433.93920898]
 [1340.96252441]
 [1330.83410645]
 [1321.57678223]
 [1316.74951172]
 [1324.43212891]]
som [8068.4942627]
counter 7 [[1433.93920898]
 [1340.96252441]
 [1330.83410645]
 [1321.57678223]
 [1316.74951172]
 [1319.26330566]]
som [8063.32543945]
counter 8 [[1433.93920898]
 [1340.96252441]
 [1325.6652832 ]
 [1326.74572754]
 [1321.91833496]
 [1324.43212891]]
som [8073.66320801]
counter 9 [[1433.93920898]
 [1340.96252441]
 [1325.6652832 ]
 [1326.74572754]
 [1321.91833496]
 [1319.26330566]]
som [8068.49438477]
counter 10 [[1433.93920898]
 [1340.96252441]
 [1325.6652832 ]
 [1326.74572754]
 [1316.74951172]
 [1324.43212891]]
som [8068.49438477]
counter 11 [[1433.93920898]
 [1340.96252441]
 [1325.6652832 ]
 [1326.74572754]
 [1316.74951172]
 [1319.26330566]]
som [8063.32556152]
counter 12 [[1433.93920898]
 [1340.96252441]
 [1325.6652832 ]
 [1321.57678223]
 [1321.91833496]
 [1324.43212891]]
som [8068.4942627]
counter 13 [[1433.93920898]
 [1340.96252441]
 [1325.6652832 ]
 [1321.57678223]
 [1321.91833496]
 [1319.26330566]]
som [8063.32543945]
counter 14 [[1433.93920898]
 [1340.96252441]
 [1325.6652832 ]
 [1321.57678223]
 [1316.74951172]
 [1324.43212891]]
som [8063.32543945]
counter 15 [[1433.93920898]
 [1340.96252441]
 [1325.6652832 ]
 [1321.57678223]
 [1316.74951172]
 [1319.26330566]]
som [8058.15661621]
counter 16 [[1433.93920898]
 [1335.7935791 ]
 [1330.83410645]
 [1326.74572754]
 [1321.91833496]
 [1324.43212891]]
som [8073.66308594]
counter 17 [[1433.93920898]
 [1335.7935791 ]
 [1330.83410645]
 [1326.74572754]
 [1321.91833496]
 [1319.26330566]]
som [8068.4942627]
counter 18 [[1433.93920898]
 [1335.7935791 ]
 [1330.83410645]
 [1326.74572754]
 [1316.74951172]
 [1324.43212891]]
som [8068.4942627]
counter 19 [[1433.93920898]
 [1335.7935791 ]
 [1330.83410645]
 [1326.74572754]
 [1316.74951172]
 [1319.26330566]]
som [8063.32543945]
counter 20 [[1433.93920898]
 [1335.7935791 ]
 [1330.83410645]
 [1321.57678223]
 [1321.91833496]
 [1324.43212891]]
som [8068.49414062]
counter 21 [[1433.93920898]
 [1335.7935791 ]
 [1330.83410645]
 [1321.57678223]
 [1321.91833496]
 [1319.26330566]]
som [8063.32531738]
counter 22 [[1433.93920898]
 [1335.7935791 ]
 [1330.83410645]
 [1321.57678223]
 [1316.74951172]
 [1324.43212891]]
som [8063.32531738]
counter 23 [[1433.93920898]
 [1335.7935791 ]
 [1330.83410645]
 [1321.57678223]
 [1316.74951172]
 [1319.26330566]]
som [8058.15649414]
counter 24 [[1433.93920898]
 [1335.7935791 ]
 [1325.6652832 ]
 [1326.74572754]
 [1321.91833496]
 [1324.43212891]]
som [8068.4942627]
counter 25 [[1433.93920898]
 [1335.7935791 ]
 [1325.6652832 ]
 [1326.74572754]
 [1321.91833496]
 [1319.26330566]]
som [8063.32543945]
counter 26 [[1433.93920898]
 [1335.7935791 ]
 [1325.6652832 ]
 [1326.74572754]
 [1316.74951172]
 [1324.43212891]]
som [8063.32543945]
counter 27 [[1433.93920898]
 [1335.7935791 ]
 [1325.6652832 ]
 [1326.74572754]
 [1316.74951172]
 [1319.26330566]]
som [8058.15661621]
counter 28 [[1433.93920898]
 [1335.7935791 ]
 [1325.6652832 ]
 [1321.57678223]
 [1321.91833496]
 [1324.43212891]]
som [8063.32531738]
counter 29 [[1433.93920898]
 [1335.7935791 ]
 [1325.6652832 ]
 [1321.57678223]
 [1321.91833496]
 [1319.26330566]]
som [8058.15649414]
counter 30 [[1433.93920898]
 [1335.7935791 ]
 [1325.6652832 ]
 [1321.57678223]
 [1316.74951172]
 [1324.43212891]]
som [8058.15649414]
counter 31 [[1433.93920898]
 [1335.7935791 ]
 [1325.6652832 ]
 [1321.57678223]
 [1316.74951172]
 [1319.26330566]]
som [8052.9876709]
counter 32 [[1435.18212891]
 [1340.96252441]
 [1330.83410645]
 [1326.74572754]
 [1321.91833496]
 [1324.43212891]]
som [8080.07495117]
counter 33 [[1435.18212891]
 [1340.96252441]
 [1330.83410645]
 [1326.74572754]
 [1321.91833496]
 [1319.26330566]]
som [8074.90612793]
counter 34 [[1435.18212891]
 [1340.96252441]
 [1330.83410645]
 [1326.74572754]
 [1316.74951172]
 [1324.43212891]]
som [8074.90612793]
counter 35 [[1435.18212891]
 [1340.96252441]
 [1330.83410645]
 [1326.74572754]
 [1316.74951172]
 [1319.26330566]]
som [8069.73730469]
counter 36 [[1435.18212891]
 [1340.96252441]
 [1330.83410645]
 [1321.57678223]
 [1321.91833496]
 [1324.43212891]]
som [8074.90600586]
counter 37 [[1435.18212891]
 [1340.96252441]
 [1330.83410645]
 [1321.57678223]
 [1321.91833496]
 [1319.26330566]]
som [8069.73718262]
counter 38 [[1435.18212891]
 [1340.96252441]
 [1330.83410645]
 [1321.57678223]
 [1316.74951172]
 [1324.43212891]]
som [8069.73718262]
counter 39 [[1435.18212891]
 [1340.96252441]
 [1330.83410645]
 [1321.57678223]
 [1316.74951172]
 [1319.26330566]]
som [8064.56835938]
counter 40 [[1435.18212891]
 [1340.96252441]
 [1325.6652832 ]
 [1326.74572754]
 [1321.91833496]
 [1324.43212891]]
som [8074.90612793]
counter 41 [[1435.18212891]
 [1340.96252441]
 [1325.6652832 ]
 [1326.74572754]
 [1321.91833496]
 [1319.26330566]]
som [8069.73730469]
counter 42 [[1435.18212891]
 [1340.96252441]
 [1325.6652832 ]
 [1326.74572754]
 [1316.74951172]
 [1324.43212891]]
som [8069.73730469]
counter 43 [[1435.18212891]
 [1340.96252441]
 [1325.6652832 ]
 [1326.74572754]
 [1316.74951172]
 [1319.26330566]]
som [8064.56848145]
counter 44 [[1435.18212891]
 [1340.96252441]
 [1325.6652832 ]
 [1321.57678223]
 [1321.91833496]
 [1324.43212891]]
som [8069.73718262]
counter 45 [[1435.18212891]
 [1340.96252441]
 [1325.6652832 ]
 [1321.57678223]
 [1321.91833496]
 [1319.26330566]]
som [8064.56835938]
counter 46 [[1435.18212891]
 [1340.96252441]
 [1325.6652832 ]
 [1321.57678223]
 [1316.74951172]
 [1324.43212891]]
som [8064.56835938]
counter 47 [[1435.18212891]
 [1340.96252441]
 [1325.6652832 ]
 [1321.57678223]
 [1316.74951172]
 [1319.26330566]]
som [8059.39953613]
counter 48 [[1435.18212891]
 [1335.7935791 ]
 [1330.83410645]
 [1326.74572754]
 [1321.91833496]
 [1324.43212891]]
som [8074.90600586]
counter 49 [[1435.18212891]
 [1335.7935791 ]
 [1330.83410645]
 [1326.74572754]
 [1321.91833496]
 [1319.26330566]]
som [8069.73718262]
counter 50 [[1435.18212891]
 [1335.7935791 ]
 [1330.83410645]
 [1326.74572754]
 [1316.74951172]
 [1324.43212891]]
som [8069.73718262]
counter 51 [[1435.18212891]
 [1335.7935791 ]
 [1330.83410645]
 [1326.74572754]
 [1316.74951172]
 [1319.26330566]]
som [8064.56835938]
counter 52 [[1435.18212891]
 [1335.7935791 ]
 [1330.83410645]
 [1321.57678223]
 [1321.91833496]
 [1324.43212891]]
som [8069.73706055]
counter 53 [[1435.18212891]
 [1335.7935791 ]
 [1330.83410645]
 [1321.57678223]
 [1321.91833496]
 [1319.26330566]]
som [8064.5682373]
counter 54 [[1435.18212891]
 [1335.7935791 ]
 [1330.83410645]
 [1321.57678223]
 [1316.74951172]
 [1324.43212891]]
som [8064.5682373]
counter 55 [[1435.18212891]
 [1335.7935791 ]
 [1330.83410645]
 [1321.57678223]
 [1316.74951172]
 [1319.26330566]]
som [8059.39941406]
counter 56 [[1435.18212891]
 [1335.7935791 ]
 [1325.6652832 ]
 [1326.74572754]
 [1321.91833496]
 [1324.43212891]]
som [8069.73718262]
counter 57 [[1435.18212891]
 [1335.7935791 ]
 [1325.6652832 ]
 [1326.74572754]
 [1321.91833496]
 [1319.26330566]]
som [8064.56835938]
counter 58 [[1435.18212891]
 [1335.7935791 ]
 [1325.6652832 ]
 [1326.74572754]
 [1316.74951172]
 [1324.43212891]]
som [8064.56835938]
counter 59 [[1435.18212891]
 [1335.7935791 ]
 [1325.6652832 ]
 [1326.74572754]
 [1316.74951172]
 [1319.26330566]]
som [8059.39953613]
counter 60 [[1435.18212891]
 [1335.7935791 ]
 [1325.6652832 ]
 [1321.57678223]
 [1321.91833496]
 [1324.43212891]]
som [8064.5682373]
counter 61 [[1435.18212891]
 [1335.7935791 ]
 [1325.6652832 ]
 [1321.57678223]
 [1321.91833496]
 [1319.26330566]]
som [8059.39941406]
counter 62 [[1435.18212891]
 [1335.7935791 ]
 [1325.6652832 ]
 [1321.57678223]
 [1316.74951172]
 [1324.43212891]]
som [8059.39941406]
counter 63 [[1435.18212891]
 [1335.7935791 ]
 [1325.6652832 ]
 [1321.57678223]
 [1316.74938965]
 [1319.26318359]]
som [8054.23034668]
32 [8080.07495117]
treatment paln for  3 [[1]
 [1]
 [1]
 [1]
 [1]
 [1]]
calculating case 4
counter 0 [[1471.16320801]
 [1337.1619873 ]
 [1322.42016602]
 [1331.06018066]
 [1336.67895508]
 [1325.50891113]]
som [8123.9934082]
counter 1 [[1471.16320801]
 [1337.1619873 ]
 [1322.42016602]
 [1331.06018066]
 [1336.67895508]
 [1320.33996582]]
som [8118.82446289]
counter 2 [[1471.16320801]
 [1337.1619873 ]
 [1322.42016602]
 [1331.06018066]
 [1331.51013184]
 [1325.50891113]]
som [8118.82458496]
counter 3 [[1471.16320801]
 [1337.1619873 ]
 [1322.42016602]
 [1331.06018066]
 [1331.51013184]
 [1320.33996582]]
som [8113.65563965]
counter 4 [[1471.16320801]
 [1337.1619873 ]
 [1322.42016602]
 [1325.89135742]
 [1336.67895508]
 [1325.50891113]]
som [8118.82458496]
counter 5 [[1471.16320801]
 [1337.1619873 ]
 [1322.42016602]
 [1325.89135742]
 [1336.67895508]
 [1320.33996582]]
som [8113.65563965]
counter 6 [[1471.16320801]
 [1337.1619873 ]
 [1322.42016602]
 [1325.89135742]
 [1331.51013184]
 [1325.50891113]]
som [8113.65576172]
counter 7 [[1471.16320801]
 [1337.1619873 ]
 [1322.42016602]
 [1325.89135742]
 [1331.51013184]
 [1320.33996582]]
som [8108.48681641]
counter 8 [[1471.16320801]
 [1337.1619873 ]
 [1317.25158691]
 [1331.06018066]
 [1336.67895508]
 [1325.50891113]]
som [8118.8248291]
counter 9 [[1471.16320801]
 [1337.1619873 ]
 [1317.25158691]
 [1331.06018066]
 [1336.67895508]
 [1320.33996582]]
som [8113.65588379]
counter 10 [[1471.16320801]
 [1337.1619873 ]
 [1317.25158691]
 [1331.06018066]
 [1331.51013184]
 [1325.50891113]]
som [8113.65600586]
counter 11 [[1471.16320801]
 [1337.1619873 ]
 [1317.25158691]
 [1331.06018066]
 [1331.51013184]
 [1320.33996582]]
som [8108.48706055]
counter 12 [[1471.16320801]
 [1337.1619873 ]
 [1317.25158691]
 [1325.89135742]
 [1336.67895508]
 [1325.50891113]]
som [8113.65600586]
counter 13 [[1471.16320801]
 [1337.1619873 ]
 [1317.25158691]
 [1325.89135742]
 [1336.67895508]
 [1320.33996582]]
som [8108.48706055]
counter 14 [[1471.16320801]
 [1337.1619873 ]
 [1317.25158691]
 [1325.89135742]
 [1331.51013184]
 [1325.50891113]]
som [8108.48718262]
counter 15 [[1471.16320801]
 [1337.1619873 ]
 [1317.25158691]
 [1325.89135742]
 [1331.51013184]
 [1320.33996582]]
som [8103.3182373]
counter 16 [[1471.16320801]
 [1331.99328613]
 [1322.42016602]
 [1331.06018066]
 [1336.67895508]
 [1325.50891113]]
som [8118.82470703]
counter 17 [[1471.16320801]
 [1331.99328613]
 [1322.42016602]
 [1331.06018066]
 [1336.67895508]
 [1320.33996582]]
som [8113.65576172]
counter 18 [[1471.16320801]
 [1331.99328613]
 [1322.42016602]
 [1331.06018066]
 [1331.51013184]
 [1325.50891113]]
som [8113.65588379]
counter 19 [[1471.16320801]
 [1331.99328613]
 [1322.42016602]
 [1331.06018066]
 [1331.51013184]
 [1320.33996582]]
som [8108.48693848]
counter 20 [[1471.16320801]
 [1331.99328613]
 [1322.42016602]
 [1325.89135742]
 [1336.67895508]
 [1325.50891113]]
som [8113.65588379]
counter 21 [[1471.16320801]
 [1331.99328613]
 [1322.42016602]
 [1325.89135742]
 [1336.67895508]
 [1320.33996582]]
som [8108.48693848]
counter 22 [[1471.16320801]
 [1331.99328613]
 [1322.42016602]
 [1325.89135742]
 [1331.51013184]
 [1325.50891113]]
som [8108.48706055]
counter 23 [[1471.16320801]
 [1331.99328613]
 [1322.42016602]
 [1325.89135742]
 [1331.51013184]
 [1320.33996582]]
som [8103.31811523]
counter 24 [[1471.16320801]
 [1331.99328613]
 [1317.25158691]
 [1331.06018066]
 [1336.67895508]
 [1325.50891113]]
som [8113.65612793]
counter 25 [[1471.16320801]
 [1331.99328613]
 [1317.25158691]
 [1331.06018066]
 [1336.67895508]
 [1320.33996582]]
som [8108.48718262]
counter 26 [[1471.16320801]
 [1331.99328613]
 [1317.25158691]
 [1331.06018066]
 [1331.51013184]
 [1325.50891113]]
som [8108.48730469]
counter 27 [[1471.16320801]
 [1331.99328613]
 [1317.25158691]
 [1331.06018066]
 [1331.51013184]
 [1320.33996582]]
som [8103.31835938]
counter 28 [[1471.16320801]
 [1331.99328613]
 [1317.25158691]
 [1325.89135742]
 [1336.67895508]
 [1325.50891113]]
som [8108.48730469]
counter 29 [[1471.16320801]
 [1331.99328613]
 [1317.25158691]
 [1325.89135742]
 [1336.67895508]
 [1320.33996582]]
som [8103.31835938]
counter 30 [[1471.16320801]
 [1331.99328613]
 [1317.25158691]
 [1325.89135742]
 [1331.51013184]
 [1325.50891113]]
som [8103.31848145]
counter 31 [[1471.16320801]
 [1331.99328613]
 [1317.25158691]
 [1325.89135742]
 [1331.51013184]
 [1320.33996582]]
som [8098.14953613]
counter 32 [[1472.40600586]
 [1337.1619873 ]
 [1322.42016602]
 [1331.06018066]
 [1336.67895508]
 [1325.50891113]]
som [8125.23620605]
counter 33 [[1472.40600586]
 [1337.1619873 ]
 [1322.42016602]
 [1331.06018066]
 [1336.67895508]
 [1320.33996582]]
som [8120.06726074]
counter 34 [[1472.40600586]
 [1337.1619873 ]
 [1322.42016602]
 [1331.06018066]
 [1331.51013184]
 [1325.50891113]]
som [8120.06738281]
counter 35 [[1472.40600586]
 [1337.1619873 ]
 [1322.42016602]
 [1331.06018066]
 [1331.51013184]
 [1320.33996582]]
som [8114.8984375]
counter 36 [[1472.40600586]
 [1337.1619873 ]
 [1322.42016602]
 [1325.89135742]
 [1336.67895508]
 [1325.50891113]]
som [8120.06738281]
counter 37 [[1472.40600586]
 [1337.1619873 ]
 [1322.42016602]
 [1325.89135742]
 [1336.67895508]
 [1320.33996582]]
som [8114.8984375]
counter 38 [[1472.40600586]
 [1337.1619873 ]
 [1322.42016602]
 [1325.89135742]
 [1331.51013184]
 [1325.50891113]]
som [8114.89855957]
counter 39 [[1472.40600586]
 [1337.1619873 ]
 [1322.42016602]
 [1325.89135742]
 [1331.51013184]
 [1320.33996582]]
som [8109.72961426]
counter 40 [[1472.40600586]
 [1337.1619873 ]
 [1317.25158691]
 [1331.06018066]
 [1336.67895508]
 [1325.50891113]]
som [8120.06762695]
counter 41 [[1472.40600586]
 [1337.1619873 ]
 [1317.25158691]
 [1331.06018066]
 [1336.67895508]
 [1320.33996582]]
som [8114.89868164]
counter 42 [[1472.40600586]
 [1337.1619873 ]
 [1317.25158691]
 [1331.06018066]
 [1331.51013184]
 [1325.50891113]]
som [8114.89880371]
counter 43 [[1472.40600586]
 [1337.1619873 ]
 [1317.25158691]
 [1331.06018066]
 [1331.51013184]
 [1320.33996582]]
som [8109.7298584]
counter 44 [[1472.40600586]
 [1337.1619873 ]
 [1317.25158691]
 [1325.89135742]
 [1336.67895508]
 [1325.50891113]]
som [8114.89880371]
counter 45 [[1472.40600586]
 [1337.1619873 ]
 [1317.25158691]
 [1325.89135742]
 [1336.67895508]
 [1320.33996582]]
som [8109.7298584]
counter 46 [[1472.40600586]
 [1337.1619873 ]
 [1317.25158691]
 [1325.89135742]
 [1331.51013184]
 [1325.50891113]]
som [8109.72998047]
counter 47 [[1472.40600586]
 [1337.1619873 ]
 [1317.25158691]
 [1325.89135742]
 [1331.51013184]
 [1320.33996582]]
som [8104.56103516]
counter 48 [[1472.40600586]
 [1331.99328613]
 [1322.42016602]
 [1331.06018066]
 [1336.67895508]
 [1325.50891113]]
som [8120.06750488]
counter 49 [[1472.40600586]
 [1331.99328613]
 [1322.42016602]
 [1331.06018066]
 [1336.67895508]
 [1320.33996582]]
som [8114.89855957]
counter 50 [[1472.40600586]
 [1331.99328613]
 [1322.42016602]
 [1331.06018066]
 [1331.51013184]
 [1325.50891113]]
som [8114.89868164]
counter 51 [[1472.40600586]
 [1331.99328613]
 [1322.42016602]
 [1331.06018066]
 [1331.51013184]
 [1320.33996582]]
som [8109.72973633]
counter 52 [[1472.40600586]
 [1331.99328613]
 [1322.42016602]
 [1325.89135742]
 [1336.67895508]
 [1325.50891113]]
som [8114.89868164]
counter 53 [[1472.40600586]
 [1331.99328613]
 [1322.42016602]
 [1325.89135742]
 [1336.67895508]
 [1320.33996582]]
som [8109.72973633]
counter 54 [[1472.40600586]
 [1331.99328613]
 [1322.42016602]
 [1325.89135742]
 [1331.51013184]
 [1325.50891113]]
som [8109.7298584]
counter 55 [[1472.40600586]
 [1331.99328613]
 [1322.42016602]
 [1325.89135742]
 [1331.51013184]
 [1320.33996582]]
som [8104.56091309]
counter 56 [[1472.40600586]
 [1331.99328613]
 [1317.25158691]
 [1331.06018066]
 [1336.67895508]
 [1325.50891113]]
som [8114.89892578]
counter 57 [[1472.40600586]
 [1331.99328613]
 [1317.25158691]
 [1331.06018066]
 [1336.67895508]
 [1320.33996582]]
som [8109.72998047]
counter 58 [[1472.40600586]
 [1331.99328613]
 [1317.25158691]
 [1331.06018066]
 [1331.51013184]
 [1325.50891113]]
som [8109.73010254]
counter 59 [[1472.40600586]
 [1331.99328613]
 [1317.25158691]
 [1331.06018066]
 [1331.51013184]
 [1320.33996582]]
som [8104.56115723]
counter 60 [[1472.40600586]
 [1331.99328613]
 [1317.25158691]
 [1325.89135742]
 [1336.67895508]
 [1325.50891113]]
som [8109.73010254]
counter 61 [[1472.40600586]
 [1331.99328613]
 [1317.25158691]
 [1325.89135742]
 [1336.67895508]
 [1320.33996582]]
som [8104.56115723]
counter 62 [[1472.40600586]
 [1331.99328613]
 [1317.25158691]
 [1325.89135742]
 [1331.51013184]
 [1325.50891113]]
som [8104.5612793]
counter 63 [[1472.40600586]
 [1331.99328613]
 [1317.25158691]
 [1325.89135742]
 [1331.51013184]
 [1320.33996582]]
som [8099.39233398]
32 [8125.23620605]
treatment paln for  4 [[1]
 [1]
 [1]
 [1]
 [1]
 [1]]
calculating case 5
counter 0 [[1452.61962891]
 [1339.79406738]
 [1325.96630859]
 [1327.94262695]
 [1320.12670898]
 [1337.54003906]]
som [8103.98937988]
counter 1 [[1452.61962891]
 [1339.79406738]
 [1325.96630859]
 [1327.94262695]
 [1320.12670898]
 [1332.37109375]]
som [8098.82043457]
counter 2 [[1452.61962891]
 [1339.79406738]
 [1325.96630859]
 [1327.94262695]
 [1314.95788574]
 [1337.54003906]]
som [8098.82055664]
counter 3 [[1452.61962891]
 [1339.79406738]
 [1325.96630859]
 [1327.94262695]
 [1314.95788574]
 [1332.37109375]]
som [8093.65161133]
counter 4 [[1452.61962891]
 [1339.79406738]
 [1325.96630859]
 [1322.77416992]
 [1320.12670898]
 [1337.54003906]]
som [8098.82092285]
counter 5 [[1452.61962891]
 [1339.79406738]
 [1325.96630859]
 [1322.77416992]
 [1320.12670898]
 [1332.37109375]]
som [8093.65197754]
counter 6 [[1452.61962891]
 [1339.79406738]
 [1325.96630859]
 [1322.77416992]
 [1314.95788574]
 [1337.54003906]]
som [8093.65209961]
counter 7 [[1452.61962891]
 [1339.79406738]
 [1325.96630859]
 [1322.77416992]
 [1314.95788574]
 [1332.37109375]]
som [8088.4831543]
counter 8 [[1452.61962891]
 [1339.79406738]
 [1320.79748535]
 [1327.94262695]
 [1320.12670898]
 [1337.54003906]]
som [8098.82055664]
counter 9 [[1452.61962891]
 [1339.79406738]
 [1320.79748535]
 [1327.94262695]
 [1320.12670898]
 [1332.37109375]]
som [8093.65161133]
counter 10 [[1452.61962891]
 [1339.79406738]
 [1320.79748535]
 [1327.94262695]
 [1314.95788574]
 [1337.54003906]]
som [8093.6517334]
counter 11 [[1452.61962891]
 [1339.79406738]
 [1320.79748535]
 [1327.94262695]
 [1314.95788574]
 [1332.37109375]]
som [8088.48278809]
counter 12 [[1452.61962891]
 [1339.79406738]
 [1320.79748535]
 [1322.77416992]
 [1320.12670898]
 [1337.54003906]]
som [8093.65209961]
counter 13 [[1452.61962891]
 [1339.79406738]
 [1320.79748535]
 [1322.77416992]
 [1320.12670898]
 [1332.37109375]]
som [8088.4831543]
counter 14 [[1452.61962891]
 [1339.79406738]
 [1320.79748535]
 [1322.77416992]
 [1314.95788574]
 [1337.54003906]]
som [8088.48327637]
counter 15 [[1452.61962891]
 [1339.79406738]
 [1320.79748535]
 [1322.77416992]
 [1314.95788574]
 [1332.37109375]]
som [8083.31433105]
counter 16 [[1452.61962891]
 [1334.62512207]
 [1325.96630859]
 [1327.94262695]
 [1320.12670898]
 [1337.54003906]]
som [8098.82043457]
counter 17 [[1452.61962891]
 [1334.62512207]
 [1325.96630859]
 [1327.94262695]
 [1320.12670898]
 [1332.37109375]]
som [8093.65148926]
counter 18 [[1452.61962891]
 [1334.62512207]
 [1325.96630859]
 [1327.94262695]
 [1314.95788574]
 [1337.54003906]]
som [8093.65161133]
counter 19 [[1452.61962891]
 [1334.62512207]
 [1325.96630859]
 [1327.94262695]
 [1314.95788574]
 [1332.37109375]]
som [8088.48266602]
counter 20 [[1452.61962891]
 [1334.62512207]
 [1325.96630859]
 [1322.77416992]
 [1320.12670898]
 [1337.54003906]]
som [8093.65197754]
counter 21 [[1452.61962891]
 [1334.62512207]
 [1325.96630859]
 [1322.77416992]
 [1320.12670898]
 [1332.37109375]]
som [8088.48303223]
counter 22 [[1452.61962891]
 [1334.62512207]
 [1325.96630859]
 [1322.77416992]
 [1314.95788574]
 [1337.54003906]]
som [8088.4831543]
counter 23 [[1452.61962891]
 [1334.62512207]
 [1325.96630859]
 [1322.77416992]
 [1314.95788574]
 [1332.37109375]]
som [8083.31420898]
counter 24 [[1452.61962891]
 [1334.62512207]
 [1320.79748535]
 [1327.94262695]
 [1320.12670898]
 [1337.54003906]]
som [8093.65161133]
counter 25 [[1452.61962891]
 [1334.62512207]
 [1320.79748535]
 [1327.94262695]
 [1320.12670898]
 [1332.37109375]]
som [8088.48266602]
counter 26 [[1452.61962891]
 [1334.62512207]
 [1320.79748535]
 [1327.94262695]
 [1314.95788574]
 [1337.54003906]]
som [8088.48278809]
counter 27 [[1452.61962891]
 [1334.62512207]
 [1320.79748535]
 [1327.94262695]
 [1314.95788574]
 [1332.37109375]]
som [8083.31384277]
counter 28 [[1452.61962891]
 [1334.62512207]
 [1320.79748535]
 [1322.77416992]
 [1320.12670898]
 [1337.54003906]]
som [8088.4831543]
counter 29 [[1452.61962891]
 [1334.62512207]
 [1320.79748535]
 [1322.77416992]
 [1320.12670898]
 [1332.37109375]]
som [8083.31420898]
counter 30 [[1452.61962891]
 [1334.62512207]
 [1320.79748535]
 [1322.77416992]
 [1314.95788574]
 [1337.54003906]]
som [8083.31433105]
counter 31 [[1452.61962891]
 [1334.62512207]
 [1320.79748535]
 [1322.77416992]
 [1314.95788574]
 [1332.37109375]]
som [8078.14538574]
counter 32 [[1453.86230469]
 [1339.79406738]
 [1325.96630859]
 [1327.94262695]
 [1320.12670898]
 [1337.54003906]]
som [8105.23205566]
counter 33 [[1453.86230469]
 [1339.79406738]
 [1325.96630859]
 [1327.94262695]
 [1320.12670898]
 [1332.37109375]]
som [8100.06311035]
counter 34 [[1453.86230469]
 [1339.79406738]
 [1325.96630859]
 [1327.94262695]
 [1314.95788574]
 [1337.54003906]]
som [8100.06323242]
counter 35 [[1453.86230469]
 [1339.79406738]
 [1325.96630859]
 [1327.94262695]
 [1314.95788574]
 [1332.37109375]]
som [8094.89428711]
counter 36 [[1453.86230469]
 [1339.79406738]
 [1325.96630859]
 [1322.77416992]
 [1320.12670898]
 [1337.54003906]]
som [8100.06359863]
counter 37 [[1453.86230469]
 [1339.79406738]
 [1325.96630859]
 [1322.77416992]
 [1320.12670898]
 [1332.37109375]]
som [8094.89465332]
counter 38 [[1453.86230469]
 [1339.79406738]
 [1325.96630859]
 [1322.77416992]
 [1314.95788574]
 [1337.54003906]]
som [8094.89477539]
counter 39 [[1453.86230469]
 [1339.79406738]
 [1325.96630859]
 [1322.77416992]
 [1314.95788574]
 [1332.37109375]]
som [8089.72583008]
counter 40 [[1453.86230469]
 [1339.79406738]
 [1320.79748535]
 [1327.94262695]
 [1320.12670898]
 [1337.54003906]]
som [8100.06323242]
counter 41 [[1453.86230469]
 [1339.79406738]
 [1320.79748535]
 [1327.94262695]
 [1320.12670898]
 [1332.37109375]]
som [8094.89428711]
counter 42 [[1453.86230469]
 [1339.79406738]
 [1320.79748535]
 [1327.94262695]
 [1314.95788574]
 [1337.54003906]]
som [8094.89440918]
counter 43 [[1453.86230469]
 [1339.79406738]
 [1320.79748535]
 [1327.94262695]
 [1314.95788574]
 [1332.37109375]]
som [8089.72546387]
counter 44 [[1453.86230469]
 [1339.79406738]
 [1320.79748535]
 [1322.77416992]
 [1320.12670898]
 [1337.54003906]]
som [8094.89477539]
counter 45 [[1453.86230469]
 [1339.79406738]
 [1320.79748535]
 [1322.77416992]
 [1320.12670898]
 [1332.37109375]]
som [8089.72583008]
counter 46 [[1453.86230469]
 [1339.79406738]
 [1320.79748535]
 [1322.77416992]
 [1314.95788574]
 [1337.54003906]]
som [8089.72595215]
counter 47 [[1453.86230469]
 [1339.79406738]
 [1320.79748535]
 [1322.77416992]
 [1314.95788574]
 [1332.37109375]]
som [8084.55700684]
counter 48 [[1453.86230469]
 [1334.62512207]
 [1325.96630859]
 [1327.94262695]
 [1320.12670898]
 [1337.54003906]]
som [8100.06311035]
counter 49 [[1453.86230469]
 [1334.62512207]
 [1325.96630859]
 [1327.94262695]
 [1320.12670898]
 [1332.37109375]]
som [8094.89416504]
counter 50 [[1453.86230469]
 [1334.62512207]
 [1325.96630859]
 [1327.94262695]
 [1314.95788574]
 [1337.54003906]]
som [8094.89428711]
counter 51 [[1453.86230469]
 [1334.62512207]
 [1325.96630859]
 [1327.94262695]
 [1314.95788574]
 [1332.37109375]]
som [8089.7253418]
counter 52 [[1453.86230469]
 [1334.62512207]
 [1325.96630859]
 [1322.77416992]
 [1320.12670898]
 [1337.54003906]]
som [8094.89465332]
counter 53 [[1453.86230469]
 [1334.62512207]
 [1325.96630859]
 [1322.77416992]
 [1320.12670898]
 [1332.37109375]]
som [8089.72570801]
counter 54 [[1453.86230469]
 [1334.62512207]
 [1325.96630859]
 [1322.77416992]
 [1314.95788574]
 [1337.54003906]]
som [8089.72583008]
counter 55 [[1453.86230469]
 [1334.62512207]
 [1325.96630859]
 [1322.77416992]
 [1314.95788574]
 [1332.37109375]]
som [8084.55688477]
counter 56 [[1453.86230469]
 [1334.62512207]
 [1320.79748535]
 [1327.94262695]
 [1320.12670898]
 [1337.54003906]]
som [8094.89428711]
counter 57 [[1453.86230469]
 [1334.62512207]
 [1320.79748535]
 [1327.94262695]
 [1320.12670898]
 [1332.37109375]]
som [8089.7253418]
counter 58 [[1453.86230469]
 [1334.62512207]
 [1320.79748535]
 [1327.94262695]
 [1314.95788574]
 [1337.54003906]]
som [8089.72546387]
counter 59 [[1453.86230469]
 [1334.62512207]
 [1320.79748535]
 [1327.94262695]
 [1314.95788574]
 [1332.37109375]]
som [8084.55651855]
counter 60 [[1453.86230469]
 [1334.62512207]
 [1320.79748535]
 [1322.77416992]
 [1320.12670898]
 [1337.54003906]]
som [8089.72583008]
counter 61 [[1453.86230469]
 [1334.62512207]
 [1320.79748535]
 [1322.77416992]
 [1320.12670898]
 [1332.37109375]]
som [8084.55688477]
counter 62 [[1453.86230469]
 [1334.62512207]
 [1320.79748535]
 [1322.77416992]
 [1314.95788574]
 [1337.54003906]]
som [8084.55700684]
counter 63 [[1453.86230469]
 [1334.62512207]
 [1320.79748535]
 [1322.77416992]
 [1314.95788574]
 [1332.37109375]]
som [8079.38806152]
32 [8105.23205566]
treatment paln for  5 [[1]
 [1]
 [1]
 [1]
 [1]
 [1]]
calculating case 6
counter 0 [[1415.43103027]
 [1340.5904541 ]
 [1339.90344238]
 [1326.09631348]
 [1323.38134766]
 [1325.35534668]]
som [8070.75793457]
counter 1 [[1415.43103027]
 [1340.5904541 ]
 [1339.90344238]
 [1326.09631348]
 [1323.38134766]
 [1320.18640137]]
som [8065.58898926]
counter 2 [[1415.43103027]
 [1340.5904541 ]
 [1339.90344238]
 [1326.09631348]
 [1318.21252441]
 [1325.35534668]]
som [8065.58911133]
counter 3 [[1415.43103027]
 [1340.5904541 ]
 [1339.90344238]
 [1326.09631348]
 [1318.21252441]
 [1320.18640137]]
som [8060.42016602]
counter 4 [[1415.43103027]
 [1340.5904541 ]
 [1339.90344238]
 [1320.92736816]
 [1323.38134766]
 [1325.35534668]]
som [8065.58898926]
counter 5 [[1415.43103027]
 [1340.5904541 ]
 [1339.90344238]
 [1320.92736816]
 [1323.38134766]
 [1320.18640137]]
som [8060.42004395]
counter 6 [[1415.43103027]
 [1340.5904541 ]
 [1339.90344238]
 [1320.92736816]
 [1318.21252441]
 [1325.35534668]]
som [8060.42016602]
counter 7 [[1415.43103027]
 [1340.5904541 ]
 [1339.90344238]
 [1320.92736816]
 [1318.21252441]
 [1320.18640137]]
som [8055.2512207]
counter 8 [[1415.43103027]
 [1340.5904541 ]
 [1334.73449707]
 [1326.09631348]
 [1323.38134766]
 [1325.35534668]]
som [8065.58898926]
counter 9 [[1415.43103027]
 [1340.5904541 ]
 [1334.73449707]
 [1326.09631348]
 [1323.38134766]
 [1320.18640137]]
som [8060.42004395]
counter 10 [[1415.43103027]
 [1340.5904541 ]
 [1334.73449707]
 [1326.09631348]
 [1318.21252441]
 [1325.35534668]]
som [8060.42016602]
counter 11 [[1415.43103027]
 [1340.5904541 ]
 [1334.73449707]
 [1326.09631348]
 [1318.21252441]
 [1320.18640137]]
som [8055.2512207]
counter 12 [[1415.43103027]
 [1340.5904541 ]
 [1334.73449707]
 [1320.92736816]
 [1323.38134766]
 [1325.35534668]]
som [8060.42004395]
counter 13 [[1415.43103027]
 [1340.5904541 ]
 [1334.73449707]
 [1320.92736816]
 [1323.38134766]
 [1320.18640137]]
som [8055.25109863]
counter 14 [[1415.43103027]
 [1340.5904541 ]
 [1334.73449707]
 [1320.92736816]
 [1318.21252441]
 [1325.35534668]]
som [8055.2512207]
counter 15 [[1415.43103027]
 [1340.5904541 ]
 [1334.73449707]
 [1320.92736816]
 [1318.21252441]
 [1320.18640137]]
som [8050.08227539]
counter 16 [[1415.43103027]
 [1335.42150879]
 [1339.90344238]
 [1326.09631348]
 [1323.38134766]
 [1325.35534668]]
som [8065.58898926]
counter 17 [[1415.43103027]
 [1335.42150879]
 [1339.90344238]
 [1326.09631348]
 [1323.38134766]
 [1320.18640137]]
som [8060.42004395]
counter 18 [[1415.43103027]
 [1335.42150879]
 [1339.90344238]
 [1326.09631348]
 [1318.21252441]
 [1325.35534668]]
som [8060.42016602]
counter 19 [[1415.43103027]
 [1335.42150879]
 [1339.90344238]
 [1326.09631348]
 [1318.21252441]
 [1320.18640137]]
som [8055.2512207]
counter 20 [[1415.43103027]
 [1335.42150879]
 [1339.90344238]
 [1320.92736816]
 [1323.38134766]
 [1325.35534668]]
som [8060.42004395]
counter 21 [[1415.43103027]
 [1335.42150879]
 [1339.90344238]
 [1320.92736816]
 [1323.38134766]
 [1320.18640137]]
som [8055.25109863]
counter 22 [[1415.43103027]
 [1335.42150879]
 [1339.90344238]
 [1320.92736816]
 [1318.21252441]
 [1325.35534668]]
som [8055.2512207]
counter 23 [[1415.43103027]
 [1335.42150879]
 [1339.90344238]
 [1320.92736816]
 [1318.21252441]
 [1320.18640137]]
som [8050.08227539]
counter 24 [[1415.43103027]
 [1335.42150879]
 [1334.73449707]
 [1326.09631348]
 [1323.38134766]
 [1325.35534668]]
som [8060.42004395]
counter 25 [[1415.43103027]
 [1335.42150879]
 [1334.73449707]
 [1326.09631348]
 [1323.38134766]
 [1320.18640137]]
som [8055.25109863]
counter 26 [[1415.43103027]
 [1335.42150879]
 [1334.73449707]
 [1326.09631348]
 [1318.21252441]
 [1325.35534668]]
som [8055.2512207]
counter 27 [[1415.43103027]
 [1335.42150879]
 [1334.73449707]
 [1326.09631348]
 [1318.21252441]
 [1320.18640137]]
som [8050.08227539]
counter 28 [[1415.43103027]
 [1335.42150879]
 [1334.73449707]
 [1320.92736816]
 [1323.38134766]
 [1325.35534668]]
som [8055.25109863]
counter 29 [[1415.43103027]
 [1335.42150879]
 [1334.73449707]
 [1320.92736816]
 [1323.38134766]
 [1320.18640137]]
som [8050.08215332]
counter 30 [[1415.43103027]
 [1335.42150879]
 [1334.73449707]
 [1320.92736816]
 [1318.21252441]
 [1325.35534668]]
som [8050.08227539]
counter 31 [[1415.43103027]
 [1335.42150879]
 [1334.73449707]
 [1320.92736816]
 [1318.21252441]
 [1320.18640137]]
som [8044.91333008]
counter 32 [[1416.67382812]
 [1340.5904541 ]
 [1339.90344238]
 [1326.09631348]
 [1323.38134766]
 [1325.35534668]]
som [8072.00073242]
counter 33 [[1416.67382812]
 [1340.5904541 ]
 [1339.90344238]
 [1326.09631348]
 [1323.38134766]
 [1320.18640137]]
som [8066.83178711]
counter 34 [[1416.67382812]
 [1340.5904541 ]
 [1339.90344238]
 [1326.09631348]
 [1318.21252441]
 [1325.35534668]]
som [8066.83190918]
counter 35 [[1416.67382812]
 [1340.5904541 ]
 [1339.90344238]
 [1326.09631348]
 [1318.21252441]
 [1320.18640137]]
som [8061.66296387]
counter 36 [[1416.67382812]
 [1340.5904541 ]
 [1339.90344238]
 [1320.92736816]
 [1323.38134766]
 [1325.35534668]]
som [8066.83178711]
counter 37 [[1416.67382812]
 [1340.5904541 ]
 [1339.90344238]
 [1320.92736816]
 [1323.38134766]
 [1320.18640137]]
som [8061.6628418]
counter 38 [[1416.67382812]
 [1340.5904541 ]
 [1339.90344238]
 [1320.92736816]
 [1318.21252441]
 [1325.35534668]]
som [8061.66296387]
counter 39 [[1416.67382812]
 [1340.5904541 ]
 [1339.90344238]
 [1320.92736816]
 [1318.21252441]
 [1320.18640137]]
som [8056.49401855]
counter 40 [[1416.67382812]
 [1340.5904541 ]
 [1334.73449707]
 [1326.09631348]
 [1323.38134766]
 [1325.35534668]]
som [8066.83178711]
counter 41 [[1416.67382812]
 [1340.5904541 ]
 [1334.73449707]
 [1326.09631348]
 [1323.38134766]
 [1320.18640137]]
som [8061.6628418]
counter 42 [[1416.67382812]
 [1340.5904541 ]
 [1334.73449707]
 [1326.09631348]
 [1318.21252441]
 [1325.35534668]]
som [8061.66296387]
counter 43 [[1416.67382812]
 [1340.5904541 ]
 [1334.73449707]
 [1326.09631348]
 [1318.21252441]
 [1320.18640137]]
som [8056.49401855]
counter 44 [[1416.67382812]
 [1340.5904541 ]
 [1334.73449707]
 [1320.92736816]
 [1323.38134766]
 [1325.35534668]]
som [8061.6628418]
counter 45 [[1416.67382812]
 [1340.5904541 ]
 [1334.73449707]
 [1320.92736816]
 [1323.38134766]
 [1320.18640137]]
som [8056.49389648]
counter 46 [[1416.67382812]
 [1340.5904541 ]
 [1334.73449707]
 [1320.92736816]
 [1318.21252441]
 [1325.35534668]]
som [8056.49401855]
counter 47 [[1416.67382812]
 [1340.5904541 ]
 [1334.73449707]
 [1320.92736816]
 [1318.21252441]
 [1320.18640137]]
som [8051.32507324]
counter 48 [[1416.67382812]
 [1335.42150879]
 [1339.90344238]
 [1326.09631348]
 [1323.38134766]
 [1325.35534668]]
som [8066.83178711]
counter 49 [[1416.67382812]
 [1335.42150879]
 [1339.90344238]
 [1326.09631348]
 [1323.38134766]
 [1320.18640137]]
som [8061.6628418]
counter 50 [[1416.67382812]
 [1335.42150879]
 [1339.90344238]
 [1326.09631348]
 [1318.21252441]
 [1325.35534668]]
som [8061.66296387]
counter 51 [[1416.67382812]
 [1335.42150879]
 [1339.90344238]
 [1326.09631348]
 [1318.21252441]
 [1320.18640137]]
som [8056.49401855]
counter 52 [[1416.67382812]
 [1335.42150879]
 [1339.90344238]
 [1320.92736816]
 [1323.38134766]
 [1325.35534668]]
som [8061.6628418]
counter 53 [[1416.67382812]
 [1335.42150879]
 [1339.90344238]
 [1320.92736816]
 [1323.38134766]
 [1320.18640137]]
som [8056.49389648]
counter 54 [[1416.67382812]
 [1335.42150879]
 [1339.90344238]
 [1320.92736816]
 [1318.21252441]
 [1325.35534668]]
som [8056.49401855]
counter 55 [[1416.67382812]
 [1335.42150879]
 [1339.90344238]
 [1320.92736816]
 [1318.21252441]
 [1320.18640137]]
som [8051.32507324]
counter 56 [[1416.67382812]
 [1335.42150879]
 [1334.73449707]
 [1326.09631348]
 [1323.38134766]
 [1325.35534668]]
som [8061.6628418]
counter 57 [[1416.67382812]
 [1335.42150879]
 [1334.73449707]
 [1326.09631348]
 [1323.38134766]
 [1320.18640137]]
som [8056.49389648]
counter 58 [[1416.67382812]
 [1335.42150879]
 [1334.73449707]
 [1326.09631348]
 [1318.21252441]
 [1325.35534668]]
som [8056.49401855]
counter 59 [[1416.67382812]
 [1335.42150879]
 [1334.73449707]
 [1326.09631348]
 [1318.21252441]
 [1320.18640137]]
som [8051.32507324]
counter 60 [[1416.67382812]
 [1335.42150879]
 [1334.73449707]
 [1320.92736816]
 [1323.38134766]
 [1325.35534668]]
som [8056.49389648]
counter 61 [[1416.67382812]
 [1335.42150879]
 [1334.73449707]
 [1320.92736816]
 [1323.38134766]
 [1320.18640137]]
som [8051.32495117]
counter 62 [[1416.67382812]
 [1335.42150879]
 [1334.73449707]
 [1320.92736816]
 [1318.21252441]
 [1325.35534668]]
som [8051.32507324]
counter 63 [[1416.67382812]
 [1335.42150879]
 [1334.73449707]
 [1320.92736816]
 [1318.21240234]
 [1320.18640137]]
som [8046.15600586]
32 [8072.00073242]
treatment paln for  6 [[1]
 [1]
 [1]
 [1]
 [1]
 [1]]
calculating case 7
counter 0 [[1322.24853516]
 [1339.70922852]
 [1327.10656738]
 [1323.99414062]
 [1325.1048584 ]
 [1320.48632812]]
som [7958.6496582]
counter 1 [[1322.24853516]
 [1339.70922852]
 [1327.10656738]
 [1323.99414062]
 [1325.1048584 ]
 [1315.31726074]]
som [7953.48059082]
counter 2 [[1322.24853516]
 [1339.70922852]
 [1327.10656738]
 [1323.99414062]
 [1319.93579102]
 [1320.48632812]]
som [7953.48059082]
counter 3 [[1322.24853516]
 [1339.70922852]
 [1327.10656738]
 [1323.99414062]
 [1319.93579102]
 [1315.31726074]]
som [7948.31152344]
counter 4 [[1322.24853516]
 [1339.70922852]
 [1327.10656738]
 [1318.82531738]
 [1325.1048584 ]
 [1320.48632812]]
som [7953.48083496]
counter 5 [[1322.24853516]
 [1339.70922852]
 [1327.10656738]
 [1318.82531738]
 [1325.1048584 ]
 [1315.31726074]]
som [7948.31176758]
counter 6 [[1322.24853516]
 [1339.70922852]
 [1327.10656738]
 [1318.82531738]
 [1319.93579102]
 [1320.48632812]]
som [7948.31176758]
counter 7 [[1322.24853516]
 [1339.70922852]
 [1327.10656738]
 [1318.82531738]
 [1319.93579102]
 [1315.31726074]]
som [7943.1427002]
counter 8 [[1322.24853516]
 [1339.70922852]
 [1321.93786621]
 [1323.99414062]
 [1325.1048584 ]
 [1320.48632812]]
som [7953.48095703]
counter 9 [[1322.24853516]
 [1339.70922852]
 [1321.93786621]
 [1323.99414062]
 [1325.1048584 ]
 [1315.31726074]]
som [7948.31188965]
counter 10 [[1322.24853516]
 [1339.70922852]
 [1321.93786621]
 [1323.99414062]
 [1319.93579102]
 [1320.48632812]]
som [7948.31188965]
counter 11 [[1322.24853516]
 [1339.70922852]
 [1321.93786621]
 [1323.99414062]
 [1319.93579102]
 [1315.31726074]]
som [7943.14282227]
counter 12 [[1322.24853516]
 [1339.70922852]
 [1321.93786621]
 [1318.82531738]
 [1325.1048584 ]
 [1320.48632812]]
som [7948.31213379]
counter 13 [[1322.24853516]
 [1339.70922852]
 [1321.93786621]
 [1318.82531738]
 [1325.1048584 ]
 [1315.31726074]]
som [7943.14306641]
counter 14 [[1322.24853516]
 [1339.70922852]
 [1321.93786621]
 [1318.82531738]
 [1319.93579102]
 [1320.48632812]]
som [7943.14306641]
counter 15 [[1322.24853516]
 [1339.70922852]
 [1321.93786621]
 [1318.82531738]
 [1319.93579102]
 [1315.31726074]]
som [7937.97399902]
counter 16 [[1322.24853516]
 [1334.54040527]
 [1327.10656738]
 [1323.99414062]
 [1325.1048584 ]
 [1320.48632812]]
som [7953.48083496]
counter 17 [[1322.24853516]
 [1334.54040527]
 [1327.10656738]
 [1323.99414062]
 [1325.1048584 ]
 [1315.31726074]]
som [7948.31176758]
counter 18 [[1322.24853516]
 [1334.54040527]
 [1327.10656738]
 [1323.99414062]
 [1319.93579102]
 [1320.48632812]]
som [7948.31176758]
counter 19 [[1322.24853516]
 [1334.54040527]
 [1327.10656738]
 [1323.99414062]
 [1319.93579102]
 [1315.31726074]]
som [7943.1427002]
counter 20 [[1322.24853516]
 [1334.54040527]
 [1327.10656738]
 [1318.82531738]
 [1325.1048584 ]
 [1320.48632812]]
som [7948.31201172]
counter 21 [[1322.24853516]
 [1334.54040527]
 [1327.10656738]
 [1318.82531738]
 [1325.1048584 ]
 [1315.31726074]]
som [7943.14294434]
counter 22 [[1322.24853516]
 [1334.54040527]
 [1327.10656738]
 [1318.82531738]
 [1319.93579102]
 [1320.48632812]]
som [7943.14294434]
counter 23 [[1322.24853516]
 [1334.54040527]
 [1327.10656738]
 [1318.82531738]
 [1319.93579102]
 [1315.31726074]]
som [7937.97387695]
counter 24 [[1322.24853516]
 [1334.54040527]
 [1321.93786621]
 [1323.99414062]
 [1325.1048584 ]
 [1320.48632812]]
som [7948.31213379]
counter 25 [[1322.24853516]
 [1334.54040527]
 [1321.93786621]
 [1323.99414062]
 [1325.1048584 ]
 [1315.31726074]]
som [7943.14306641]
counter 26 [[1322.24853516]
 [1334.54040527]
 [1321.93786621]
 [1323.99414062]
 [1319.93579102]
 [1320.48632812]]
som [7943.14306641]
counter 27 [[1322.24853516]
 [1334.54040527]
 [1321.93786621]
 [1323.99414062]
 [1319.93579102]
 [1315.31726074]]
som [7937.97399902]
counter 28 [[1322.24853516]
 [1334.54040527]
 [1321.93786621]
 [1318.82531738]
 [1325.1048584 ]
 [1320.48632812]]
som [7943.14331055]
counter 29 [[1322.24853516]
 [1334.54040527]
 [1321.93786621]
 [1318.82531738]
 [1325.1048584 ]
 [1315.31726074]]
som [7937.97424316]
counter 30 [[1322.24853516]
 [1334.54040527]
 [1321.93786621]
 [1318.82531738]
 [1319.93579102]
 [1320.48632812]]
som [7937.97424316]
counter 31 [[1322.24853516]
 [1334.54040527]
 [1321.93786621]
 [1318.82531738]
 [1319.93579102]
 [1315.31726074]]
som [7932.80517578]
counter 32 [[1323.49121094]
 [1339.70922852]
 [1327.10656738]
 [1323.99414062]
 [1325.1048584 ]
 [1320.48632812]]
som [7959.89233398]
counter 33 [[1323.49121094]
 [1339.70922852]
 [1327.10656738]
 [1323.99414062]
 [1325.1048584 ]
 [1315.31726074]]
som [7954.7232666]
counter 34 [[1323.49121094]
 [1339.70922852]
 [1327.10656738]
 [1323.99414062]
 [1319.93579102]
 [1320.48632812]]
som [7954.7232666]
counter 35 [[1323.49121094]
 [1339.70922852]
 [1327.10656738]
 [1323.99414062]
 [1319.93579102]
 [1315.31726074]]
som [7949.55419922]
counter 36 [[1323.49121094]
 [1339.70922852]
 [1327.10656738]
 [1318.82531738]
 [1325.1048584 ]
 [1320.48632812]]
som [7954.72351074]
counter 37 [[1323.49121094]
 [1339.70922852]
 [1327.10656738]
 [1318.82531738]
 [1325.1048584 ]
 [1315.31726074]]
som [7949.55444336]
counter 38 [[1323.49121094]
 [1339.70922852]
 [1327.10656738]
 [1318.82531738]
 [1319.93579102]
 [1320.48632812]]
som [7949.55444336]
counter 39 [[1323.49121094]
 [1339.70922852]
 [1327.10656738]
 [1318.82531738]
 [1319.93579102]
 [1315.31726074]]
som [7944.38537598]
counter 40 [[1323.49121094]
 [1339.70922852]
 [1321.93786621]
 [1323.99414062]
 [1325.1048584 ]
 [1320.48632812]]
som [7954.72363281]
counter 41 [[1323.49121094]
 [1339.70922852]
 [1321.93786621]
 [1323.99414062]
 [1325.1048584 ]
 [1315.31726074]]
som [7949.55456543]
counter 42 [[1323.49121094]
 [1339.70922852]
 [1321.93786621]
 [1323.99414062]
 [1319.93579102]
 [1320.48632812]]
som [7949.55456543]
counter 43 [[1323.49121094]
 [1339.70922852]
 [1321.93786621]
 [1323.99414062]
 [1319.93579102]
 [1315.31726074]]
som [7944.38549805]
counter 44 [[1323.49121094]
 [1339.70922852]
 [1321.93786621]
 [1318.82531738]
 [1325.1048584 ]
 [1320.48632812]]
som [7949.55480957]
counter 45 [[1323.49121094]
 [1339.70922852]
 [1321.93786621]
 [1318.82531738]
 [1325.1048584 ]
 [1315.31726074]]
som [7944.38574219]
counter 46 [[1323.49121094]
 [1339.70922852]
 [1321.93786621]
 [1318.82531738]
 [1319.93579102]
 [1320.48632812]]
som [7944.38574219]
counter 47 [[1323.49121094]
 [1339.70922852]
 [1321.93786621]
 [1318.82531738]
 [1319.93579102]
 [1315.31726074]]
som [7939.2166748]
counter 48 [[1323.49121094]
 [1334.54040527]
 [1327.10656738]
 [1323.99414062]
 [1325.1048584 ]
 [1320.48632812]]
som [7954.72351074]
counter 49 [[1323.49121094]
 [1334.54040527]
 [1327.10656738]
 [1323.99414062]
 [1325.1048584 ]
 [1315.31726074]]
som [7949.55444336]
counter 50 [[1323.49121094]
 [1334.54040527]
 [1327.10656738]
 [1323.99414062]
 [1319.93579102]
 [1320.48632812]]
som [7949.55444336]
counter 51 [[1323.49121094]
 [1334.54040527]
 [1327.10656738]
 [1323.99414062]
 [1319.93579102]
 [1315.31726074]]
som [7944.38537598]
counter 52 [[1323.49121094]
 [1334.54040527]
 [1327.10656738]
 [1318.82531738]
 [1325.1048584 ]
 [1320.48632812]]
som [7949.5546875]
counter 53 [[1323.49121094]
 [1334.54040527]
 [1327.10656738]
 [1318.82531738]
 [1325.1048584 ]
 [1315.31726074]]
som [7944.38562012]
counter 54 [[1323.49121094]
 [1334.54040527]
 [1327.10656738]
 [1318.82531738]
 [1319.93579102]
 [1320.48632812]]
som [7944.38562012]
counter 55 [[1323.49121094]
 [1334.54040527]
 [1327.10656738]
 [1318.82531738]
 [1319.93579102]
 [1315.31726074]]
som [7939.21655273]
counter 56 [[1323.49121094]
 [1334.54040527]
 [1321.93786621]
 [1323.99414062]
 [1325.1048584 ]
 [1320.48632812]]
som [7949.55480957]
counter 57 [[1323.49121094]
 [1334.54040527]
 [1321.93786621]
 [1323.99414062]
 [1325.1048584 ]
 [1315.31726074]]
som [7944.38574219]
counter 58 [[1323.49121094]
 [1334.54040527]
 [1321.93786621]
 [1323.99414062]
 [1319.93579102]
 [1320.48632812]]
som [7944.38574219]
counter 59 [[1323.49121094]
 [1334.54040527]
 [1321.93786621]
 [1323.99414062]
 [1319.93579102]
 [1315.31726074]]
som [7939.2166748]
counter 60 [[1323.49121094]
 [1334.54040527]
 [1321.93786621]
 [1318.82531738]
 [1325.1048584 ]
 [1320.48632812]]
som [7944.38598633]
counter 61 [[1323.49121094]
 [1334.54040527]
 [1321.93786621]
 [1318.82531738]
 [1325.1048584 ]
 [1315.31726074]]
som [7939.21691895]
counter 62 [[1323.49121094]
 [1334.54040527]
 [1321.93786621]
 [1318.82531738]
 [1319.93579102]
 [1320.48632812]]
som [7939.21691895]
counter 63 [[1323.49121094]
 [1334.54040527]
 [1321.93786621]
 [1318.82531738]
 [1319.93579102]
 [1315.31750488]]
som [7934.0480957]
32 [7959.89233398]
treatment paln for  7 [[1]
 [1]
 [1]
 [1]
 [1]
 [1]]
calculating case 8
counter 0 [[1346.33007812]
 [1338.41638184]
 [1327.10656738]
 [1326.66027832]
 [1324.13549805]
 [1323.44836426]]
som [7986.09716797]
counter 1 [[1346.33007812]
 [1338.41638184]
 [1327.10656738]
 [1326.66027832]
 [1324.13549805]
 [1318.27941895]]
som [7980.92822266]
counter 2 [[1346.33007812]
 [1338.41638184]
 [1327.10656738]
 [1326.66027832]
 [1318.96691895]
 [1323.44836426]]
som [7980.92858887]
counter 3 [[1346.33007812]
 [1338.41638184]
 [1327.10656738]
 [1326.66027832]
 [1318.96691895]
 [1318.27941895]]
som [7975.75964355]
counter 4 [[1346.33007812]
 [1338.41638184]
 [1327.10656738]
 [1321.49133301]
 [1324.13549805]
 [1323.44836426]]
som [7980.92822266]
counter 5 [[1346.33007812]
 [1338.41638184]
 [1327.10656738]
 [1321.49133301]
 [1324.13549805]
 [1318.27941895]]
som [7975.75927734]
counter 6 [[1346.33007812]
 [1338.41638184]
 [1327.10656738]
 [1321.49133301]
 [1318.96691895]
 [1323.44836426]]
som [7975.75964355]
counter 7 [[1346.33007812]
 [1338.41638184]
 [1327.10656738]
 [1321.49133301]
 [1318.96691895]
 [1318.27941895]]
som [7970.59069824]
counter 8 [[1346.33007812]
 [1338.41638184]
 [1321.93786621]
 [1326.66027832]
 [1324.13549805]
 [1323.44836426]]
som [7980.9284668]
counter 9 [[1346.33007812]
 [1338.41638184]
 [1321.93786621]
 [1326.66027832]
 [1324.13549805]
 [1318.27941895]]
som [7975.75952148]
counter 10 [[1346.33007812]
 [1338.41638184]
 [1321.93786621]
 [1326.66027832]
 [1318.96691895]
 [1323.44836426]]
som [7975.7598877]
counter 11 [[1346.33007812]
 [1338.41638184]
 [1321.93786621]
 [1326.66027832]
 [1318.96691895]
 [1318.27941895]]
som [7970.59094238]
counter 12 [[1346.33007812]
 [1338.41638184]
 [1321.93786621]
 [1321.49133301]
 [1324.13549805]
 [1323.44836426]]
som [7975.75952148]
counter 13 [[1346.33007812]
 [1338.41638184]
 [1321.93786621]
 [1321.49133301]
 [1324.13549805]
 [1318.27941895]]
som [7970.59057617]
counter 14 [[1346.33007812]
 [1338.41638184]
 [1321.93786621]
 [1321.49133301]
 [1318.96691895]
 [1323.44836426]]
som [7970.59094238]
counter 15 [[1346.33007812]
 [1338.41638184]
 [1321.93786621]
 [1321.49133301]
 [1318.96691895]
 [1318.27941895]]
som [7965.42199707]
counter 16 [[1346.33007812]
 [1333.24755859]
 [1327.10656738]
 [1326.66027832]
 [1324.13549805]
 [1323.44836426]]
som [7980.92834473]
counter 17 [[1346.33007812]
 [1333.24755859]
 [1327.10656738]
 [1326.66027832]
 [1324.13549805]
 [1318.27941895]]
som [7975.75939941]
counter 18 [[1346.33007812]
 [1333.24755859]
 [1327.10656738]
 [1326.66027832]
 [1318.96691895]
 [1323.44836426]]
som [7975.75976562]
counter 19 [[1346.33007812]
 [1333.24755859]
 [1327.10656738]
 [1326.66027832]
 [1318.96691895]
 [1318.27941895]]
som [7970.59082031]
counter 20 [[1346.33007812]
 [1333.24755859]
 [1327.10656738]
 [1321.49133301]
 [1324.13549805]
 [1323.44836426]]
som [7975.75939941]
counter 21 [[1346.33007812]
 [1333.24755859]
 [1327.10656738]
 [1321.49133301]
 [1324.13549805]
 [1318.27941895]]
som [7970.5904541]
counter 22 [[1346.33007812]
 [1333.24755859]
 [1327.10656738]
 [1321.49133301]
 [1318.96691895]
 [1323.44836426]]
som [7970.59082031]
counter 23 [[1346.33007812]
 [1333.24755859]
 [1327.10656738]
 [1321.49133301]
 [1318.96691895]
 [1318.27941895]]
som [7965.421875]
counter 24 [[1346.33007812]
 [1333.24755859]
 [1321.93786621]
 [1326.66027832]
 [1324.13549805]
 [1323.44836426]]
som [7975.75964355]
counter 25 [[1346.33007812]
 [1333.24755859]
 [1321.93786621]
 [1326.66027832]
 [1324.13549805]
 [1318.27941895]]
som [7970.59069824]
counter 26 [[1346.33007812]
 [1333.24755859]
 [1321.93786621]
 [1326.66027832]
 [1318.96691895]
 [1323.44836426]]
som [7970.59106445]
counter 27 [[1346.33007812]
 [1333.24755859]
 [1321.93786621]
 [1326.66027832]
 [1318.96691895]
 [1318.27941895]]
som [7965.42211914]
counter 28 [[1346.33007812]
 [1333.24755859]
 [1321.93786621]
 [1321.49133301]
 [1324.13549805]
 [1323.44836426]]
som [7970.59069824]
counter 29 [[1346.33007812]
 [1333.24755859]
 [1321.93786621]
 [1321.49133301]
 [1324.13549805]
 [1318.27941895]]
som [7965.42175293]
counter 30 [[1346.33007812]
 [1333.24755859]
 [1321.93786621]
 [1321.49133301]
 [1318.96691895]
 [1323.44836426]]
som [7965.42211914]
counter 31 [[1346.33007812]
 [1333.24755859]
 [1321.93786621]
 [1321.49133301]
 [1318.96691895]
 [1318.27941895]]
som [7960.25317383]
counter 32 [[1347.57287598]
 [1338.41638184]
 [1327.10656738]
 [1326.66027832]
 [1324.13549805]
 [1323.44836426]]
som [7987.33996582]
counter 33 [[1347.57287598]
 [1338.41638184]
 [1327.10656738]
 [1326.66027832]
 [1324.13549805]
 [1318.27941895]]
som [7982.17102051]
counter 34 [[1347.57287598]
 [1338.41638184]
 [1327.10656738]
 [1326.66027832]
 [1318.96691895]
 [1323.44836426]]
som [7982.17138672]
counter 35 [[1347.57287598]
 [1338.41638184]
 [1327.10656738]
 [1326.66027832]
 [1318.96691895]
 [1318.27941895]]
som [7977.00244141]
counter 36 [[1347.57287598]
 [1338.41638184]
 [1327.10656738]
 [1321.49133301]
 [1324.13549805]
 [1323.44836426]]
som [7982.17102051]
counter 37 [[1347.57287598]
 [1338.41638184]
 [1327.10656738]
 [1321.49133301]
 [1324.13549805]
 [1318.27941895]]
som [7977.0020752]
counter 38 [[1347.57287598]
 [1338.41638184]
 [1327.10656738]
 [1321.49133301]
 [1318.96691895]
 [1323.44836426]]
som [7977.00244141]
counter 39 [[1347.57287598]
 [1338.41638184]
 [1327.10656738]
 [1321.49133301]
 [1318.96691895]
 [1318.27941895]]
som [7971.83349609]
counter 40 [[1347.57287598]
 [1338.41638184]
 [1321.93786621]
 [1326.66027832]
 [1324.13549805]
 [1323.44836426]]
som [7982.17126465]
counter 41 [[1347.57287598]
 [1338.41638184]
 [1321.93786621]
 [1326.66027832]
 [1324.13549805]
 [1318.27941895]]
som [7977.00231934]
counter 42 [[1347.57287598]
 [1338.41638184]
 [1321.93786621]
 [1326.66027832]
 [1318.96691895]
 [1323.44836426]]
som [7977.00268555]
counter 43 [[1347.57287598]
 [1338.41638184]
 [1321.93786621]
 [1326.66027832]
 [1318.96691895]
 [1318.27941895]]
som [7971.83374023]
counter 44 [[1347.57287598]
 [1338.41638184]
 [1321.93786621]
 [1321.49133301]
 [1324.13549805]
 [1323.44836426]]
som [7977.00231934]
counter 45 [[1347.57287598]
 [1338.41638184]
 [1321.93786621]
 [1321.49133301]
 [1324.13549805]
 [1318.27941895]]
som [7971.83337402]
counter 46 [[1347.57287598]
 [1338.41638184]
 [1321.93786621]
 [1321.49133301]
 [1318.96691895]
 [1323.44836426]]
som [7971.83374023]
counter 47 [[1347.57287598]
 [1338.41638184]
 [1321.93786621]
 [1321.49133301]
 [1318.96691895]
 [1318.27941895]]
som [7966.66479492]
counter 48 [[1347.57287598]
 [1333.24755859]
 [1327.10656738]
 [1326.66027832]
 [1324.13549805]
 [1323.44836426]]
som [7982.17114258]
counter 49 [[1347.57287598]
 [1333.24755859]
 [1327.10656738]
 [1326.66027832]
 [1324.13549805]
 [1318.27941895]]
som [7977.00219727]
counter 50 [[1347.57287598]
 [1333.24755859]
 [1327.10656738]
 [1326.66027832]
 [1318.96691895]
 [1323.44836426]]
som [7977.00256348]
counter 51 [[1347.57287598]
 [1333.24755859]
 [1327.10656738]
 [1326.66027832]
 [1318.96691895]
 [1318.27941895]]
som [7971.83361816]
counter 52 [[1347.57287598]
 [1333.24755859]
 [1327.10656738]
 [1321.49133301]
 [1324.13549805]
 [1323.44836426]]
som [7977.00219727]
counter 53 [[1347.57287598]
 [1333.24755859]
 [1327.10656738]
 [1321.49133301]
 [1324.13549805]
 [1318.27941895]]
som [7971.83325195]
counter 54 [[1347.57287598]
 [1333.24755859]
 [1327.10656738]
 [1321.49133301]
 [1318.96691895]
 [1323.44836426]]
som [7971.83361816]
counter 55 [[1347.57287598]
 [1333.24755859]
 [1327.10656738]
 [1321.49133301]
 [1318.96691895]
 [1318.27941895]]
som [7966.66467285]
counter 56 [[1347.57287598]
 [1333.24755859]
 [1321.93786621]
 [1326.66027832]
 [1324.13549805]
 [1323.44836426]]
som [7977.00244141]
counter 57 [[1347.57287598]
 [1333.24755859]
 [1321.93786621]
 [1326.66027832]
 [1324.13549805]
 [1318.27941895]]
som [7971.83349609]
counter 58 [[1347.57287598]
 [1333.24755859]
 [1321.93786621]
 [1326.66027832]
 [1318.96691895]
 [1323.44836426]]
som [7971.8338623]
counter 59 [[1347.57287598]
 [1333.24755859]
 [1321.93786621]
 [1326.66027832]
 [1318.96691895]
 [1318.27941895]]
som [7966.66491699]
counter 60 [[1347.57287598]
 [1333.24755859]
 [1321.93786621]
 [1321.49133301]
 [1324.13549805]
 [1323.44836426]]
som [7971.83349609]
counter 61 [[1347.57287598]
 [1333.24755859]
 [1321.93786621]
 [1321.49133301]
 [1324.13549805]
 [1318.27941895]]
som [7966.66455078]
counter 62 [[1347.57287598]
 [1333.24755859]
 [1321.93786621]
 [1321.49133301]
 [1318.96691895]
 [1323.44836426]]
som [7966.66491699]
counter 63 [[1347.57287598]
 [1333.24755859]
 [1321.93786621]
 [1321.49133301]
 [1318.96691895]
 [1318.27941895]]
som [7961.49597168]
32 [7987.33996582]
treatment paln for  8 [[1]
 [1]
 [1]
 [1]
 [1]
 [1]]
calculating case 9
counter 0 [[1461.20751953]
 [1338.34814453]
 [1329.74816895]
 [1321.77526855]
 [1322.30334473]
 [1327.39489746]]
som [8100.77734375]
counter 1 [[1461.20751953]
 [1338.34814453]
 [1329.74816895]
 [1321.77526855]
 [1322.30334473]
 [1322.22583008]]
som [8095.60827637]
counter 2 [[1461.20751953]
 [1338.34814453]
 [1329.74816895]
 [1321.77526855]
 [1317.13452148]
 [1327.39489746]]
som [8095.60852051]
counter 3 [[1461.20751953]
 [1338.34814453]
 [1329.74816895]
 [1321.77526855]
 [1317.13452148]
 [1322.22583008]]
som [8090.43945312]
counter 4 [[1461.20751953]
 [1338.34814453]
 [1329.74816895]
 [1316.6060791 ]
 [1322.30334473]
 [1327.39489746]]
som [8095.6081543]
counter 5 [[1461.20751953]
 [1338.34814453]
 [1329.74816895]
 [1316.6060791 ]
 [1322.30334473]
 [1322.22583008]]
som [8090.43908691]
counter 6 [[1461.20751953]
 [1338.34814453]
 [1329.74816895]
 [1316.6060791 ]
 [1317.13452148]
 [1327.39489746]]
som [8090.43933105]
counter 7 [[1461.20751953]
 [1338.34814453]
 [1329.74816895]
 [1316.6060791 ]
 [1317.13452148]
 [1322.22583008]]
som [8085.27026367]
counter 8 [[1461.20751953]
 [1338.34814453]
 [1324.57922363]
 [1321.77526855]
 [1322.30334473]
 [1327.39489746]]
som [8095.60839844]
counter 9 [[1461.20751953]
 [1338.34814453]
 [1324.57922363]
 [1321.77526855]
 [1322.30334473]
 [1322.22583008]]
som [8090.43933105]
counter 10 [[1461.20751953]
 [1338.34814453]
 [1324.57922363]
 [1321.77526855]
 [1317.13452148]
 [1327.39489746]]
som [8090.4395752]
counter 11 [[1461.20751953]
 [1338.34814453]
 [1324.57922363]
 [1321.77526855]
 [1317.13452148]
 [1322.22583008]]
som [8085.27050781]
counter 12 [[1461.20751953]
 [1338.34814453]
 [1324.57922363]
 [1316.6060791 ]
 [1322.30334473]
 [1327.39489746]]
som [8090.43920898]
counter 13 [[1461.20751953]
 [1338.34814453]
 [1324.57922363]
 [1316.6060791 ]
 [1322.30334473]
 [1322.22583008]]
som [8085.2701416]
counter 14 [[1461.20751953]
 [1338.34814453]
 [1324.57922363]
 [1316.6060791 ]
 [1317.13452148]
 [1327.39489746]]
som [8085.27038574]
counter 15 [[1461.20751953]
 [1338.34814453]
 [1324.57922363]
 [1316.6060791 ]
 [1317.13452148]
 [1322.22583008]]
som [8080.10131836]
counter 16 [[1461.20751953]
 [1333.17907715]
 [1329.74816895]
 [1321.77526855]
 [1322.30334473]
 [1327.39489746]]
som [8095.60827637]
counter 17 [[1461.20751953]
 [1333.17907715]
 [1329.74816895]
 [1321.77526855]
 [1322.30334473]
 [1322.22583008]]
som [8090.43920898]
counter 18 [[1461.20751953]
 [1333.17907715]
 [1329.74816895]
 [1321.77526855]
 [1317.13452148]
 [1327.39489746]]
som [8090.43945312]
counter 19 [[1461.20751953]
 [1333.17907715]
 [1329.74816895]
 [1321.77526855]
 [1317.13452148]
 [1322.22583008]]
som [8085.27038574]
counter 20 [[1461.20751953]
 [1333.17907715]
 [1329.74816895]
 [1316.6060791 ]
 [1322.30334473]
 [1327.39489746]]
som [8090.43908691]
counter 21 [[1461.20751953]
 [1333.17907715]
 [1329.74816895]
 [1316.6060791 ]
 [1322.30334473]
 [1322.22583008]]
som [8085.27001953]
counter 22 [[1461.20751953]
 [1333.17907715]
 [1329.74816895]
 [1316.6060791 ]
 [1317.13452148]
 [1327.39489746]]
som [8085.27026367]
counter 23 [[1461.20751953]
 [1333.17907715]
 [1329.74816895]
 [1316.6060791 ]
 [1317.13452148]
 [1322.22583008]]
som [8080.10119629]
counter 24 [[1461.20751953]
 [1333.17907715]
 [1324.57922363]
 [1321.77526855]
 [1322.30334473]
 [1327.39489746]]
som [8090.43933105]
counter 25 [[1461.20751953]
 [1333.17907715]
 [1324.57922363]
 [1321.77526855]
 [1322.30334473]
 [1322.22583008]]
som [8085.27026367]
counter 26 [[1461.20751953]
 [1333.17907715]
 [1324.57922363]
 [1321.77526855]
 [1317.13452148]
 [1327.39489746]]
som [8085.27050781]
counter 27 [[1461.20751953]
 [1333.17907715]
 [1324.57922363]
 [1321.77526855]
 [1317.13452148]
 [1322.22583008]]
som [8080.10144043]
counter 28 [[1461.20751953]
 [1333.17907715]
 [1324.57922363]
 [1316.6060791 ]
 [1322.30334473]
 [1327.39489746]]
som [8085.2701416]
counter 29 [[1461.20751953]
 [1333.17907715]
 [1324.57922363]
 [1316.6060791 ]
 [1322.30334473]
 [1322.22583008]]
som [8080.10107422]
counter 30 [[1461.20751953]
 [1333.17907715]
 [1324.57922363]
 [1316.6060791 ]
 [1317.13452148]
 [1327.39489746]]
som [8080.10131836]
counter 31 [[1461.20751953]
 [1333.17907715]
 [1324.57922363]
 [1316.6060791 ]
 [1317.13452148]
 [1322.22583008]]
som [8074.93225098]
counter 32 [[1462.45043945]
 [1338.34814453]
 [1329.74816895]
 [1321.77526855]
 [1322.30334473]
 [1327.39489746]]
som [8102.02026367]
counter 33 [[1462.45043945]
 [1338.34814453]
 [1329.74816895]
 [1321.77526855]
 [1322.30334473]
 [1322.22583008]]
som [8096.85119629]
counter 34 [[1462.45043945]
 [1338.34814453]
 [1329.74816895]
 [1321.77526855]
 [1317.13452148]
 [1327.39489746]]
som [8096.85144043]
counter 35 [[1462.45043945]
 [1338.34814453]
 [1329.74816895]
 [1321.77526855]
 [1317.13452148]
 [1322.22583008]]
som [8091.68237305]
counter 36 [[1462.45043945]
 [1338.34814453]
 [1329.74816895]
 [1316.6060791 ]
 [1322.30334473]
 [1327.39489746]]
som [8096.85107422]
counter 37 [[1462.45043945]
 [1338.34814453]
 [1329.74816895]
 [1316.6060791 ]
 [1322.30334473]
 [1322.22583008]]
som [8091.68200684]
counter 38 [[1462.45043945]
 [1338.34814453]
 [1329.74816895]
 [1316.6060791 ]
 [1317.13452148]
 [1327.39489746]]
som [8091.68225098]
counter 39 [[1462.45043945]
 [1338.34814453]
 [1329.74816895]
 [1316.6060791 ]
 [1317.13452148]
 [1322.22583008]]
som [8086.51318359]
counter 40 [[1462.45043945]
 [1338.34814453]
 [1324.57922363]
 [1321.77526855]
 [1322.30334473]
 [1327.39489746]]
som [8096.85131836]
counter 41 [[1462.45043945]
 [1338.34814453]
 [1324.57922363]
 [1321.77526855]
 [1322.30334473]
 [1322.22583008]]
som [8091.68225098]
counter 42 [[1462.45043945]
 [1338.34814453]
 [1324.57922363]
 [1321.77526855]
 [1317.13452148]
 [1327.39489746]]
som [8091.68249512]
counter 43 [[1462.45043945]
 [1338.34814453]
 [1324.57922363]
 [1321.77526855]
 [1317.13452148]
 [1322.22583008]]
som [8086.51342773]
counter 44 [[1462.45043945]
 [1338.34814453]
 [1324.57922363]
 [1316.6060791 ]
 [1322.30334473]
 [1327.39489746]]
som [8091.68212891]
counter 45 [[1462.45043945]
 [1338.34814453]
 [1324.57922363]
 [1316.6060791 ]
 [1322.30334473]
 [1322.22583008]]
som [8086.51306152]
counter 46 [[1462.45043945]
 [1338.34814453]
 [1324.57922363]
 [1316.6060791 ]
 [1317.13452148]
 [1327.39489746]]
som [8086.51330566]
counter 47 [[1462.45043945]
 [1338.34814453]
 [1324.57922363]
 [1316.6060791 ]
 [1317.13452148]
 [1322.22583008]]
som [8081.34423828]
counter 48 [[1462.45043945]
 [1333.17907715]
 [1329.74816895]
 [1321.77526855]
 [1322.30334473]
 [1327.39489746]]
som [8096.85119629]
counter 49 [[1462.45043945]
 [1333.17907715]
 [1329.74816895]
 [1321.77526855]
 [1322.30334473]
 [1322.22583008]]
som [8091.68212891]
counter 50 [[1462.45043945]
 [1333.17907715]
 [1329.74816895]
 [1321.77526855]
 [1317.13452148]
 [1327.39489746]]
som [8091.68237305]
counter 51 [[1462.45043945]
 [1333.17907715]
 [1329.74816895]
 [1321.77526855]
 [1317.13452148]
 [1322.22583008]]
som [8086.51330566]
counter 52 [[1462.45043945]
 [1333.17907715]
 [1329.74816895]
 [1316.6060791 ]
 [1322.30334473]
 [1327.39489746]]
som [8091.68200684]
counter 53 [[1462.45043945]
 [1333.17907715]
 [1329.74816895]
 [1316.6060791 ]
 [1322.30334473]
 [1322.22583008]]
som [8086.51293945]
counter 54 [[1462.45043945]
 [1333.17907715]
 [1329.74816895]
 [1316.6060791 ]
 [1317.13452148]
 [1327.39489746]]
som [8086.51318359]
counter 55 [[1462.45043945]
 [1333.17907715]
 [1329.74816895]
 [1316.6060791 ]
 [1317.13452148]
 [1322.22583008]]
som [8081.34411621]
counter 56 [[1462.45043945]
 [1333.17907715]
 [1324.57922363]
 [1321.77526855]
 [1322.30334473]
 [1327.39489746]]
som [8091.68225098]
counter 57 [[1462.45043945]
 [1333.17907715]
 [1324.57922363]
 [1321.77526855]
 [1322.30334473]
 [1322.22583008]]
som [8086.51318359]
counter 58 [[1462.45043945]
 [1333.17907715]
 [1324.57922363]
 [1321.77526855]
 [1317.13452148]
 [1327.39489746]]
som [8086.51342773]
counter 59 [[1462.45043945]
 [1333.17907715]
 [1324.57922363]
 [1321.77526855]
 [1317.13452148]
 [1322.22583008]]
som [8081.34436035]
counter 60 [[1462.45043945]
 [1333.17907715]
 [1324.57922363]
 [1316.6060791 ]
 [1322.30334473]
 [1327.39489746]]
som [8086.51306152]
counter 61 [[1462.45043945]
 [1333.17907715]
 [1324.57922363]
 [1316.6060791 ]
 [1322.30334473]
 [1322.22583008]]
som [8081.34399414]
counter 62 [[1462.45043945]
 [1333.17907715]
 [1324.57922363]
 [1316.6060791 ]
 [1317.13452148]
 [1327.39489746]]
som [8081.34423828]
counter 63 [[1462.45043945]
 [1333.17907715]
 [1324.57922363]
 [1316.6060791 ]
 [1317.13452148]
 [1322.22570801]]
som [8076.17504883]
32 [8102.02026367]
treatment paln for  9 [[1]
 [1]
 [1]
 [1]
 [1]
 [1]]
calculating case 10
counter 0 [[1313.51586914]
 [1339.29394531]
 [1329.3260498 ]
 [1322.83898926]
 [1322.52282715]
 [1322.16394043]]
som [7949.66162109]
counter 1 [[1313.51586914]
 [1339.29394531]
 [1329.3260498 ]
 [1322.83898926]
 [1322.52282715]
 [1316.99499512]]
som [7944.49267578]
counter 2 [[1313.51586914]
 [1339.29394531]
 [1329.3260498 ]
 [1322.83898926]
 [1317.35412598]
 [1322.16394043]]
som [7944.49291992]
counter 3 [[1313.51586914]
 [1339.29394531]
 [1329.3260498 ]
 [1322.83898926]
 [1317.35412598]
 [1316.99499512]]
som [7939.32397461]
counter 4 [[1313.51586914]
 [1339.29394531]
 [1329.3260498 ]
 [1317.67016602]
 [1322.52282715]
 [1322.16394043]]
som [7944.49279785]
counter 5 [[1313.51586914]
 [1339.29394531]
 [1329.3260498 ]
 [1317.67016602]
 [1322.52282715]
 [1316.99499512]]
som [7939.32385254]
counter 6 [[1313.51586914]
 [1339.29394531]
 [1329.3260498 ]
 [1317.67016602]
 [1317.35412598]
 [1322.16394043]]
som [7939.32409668]
counter 7 [[1313.51586914]
 [1339.29394531]
 [1329.3260498 ]
 [1317.67016602]
 [1317.35412598]
 [1316.99499512]]
som [7934.15515137]
counter 8 [[1313.51586914]
 [1339.29394531]
 [1324.15710449]
 [1322.83898926]
 [1322.52282715]
 [1322.16394043]]
som [7944.49267578]
counter 9 [[1313.51586914]
 [1339.29394531]
 [1324.15710449]
 [1322.83898926]
 [1322.52282715]
 [1316.99499512]]
som [7939.32373047]
counter 10 [[1313.51586914]
 [1339.29394531]
 [1324.15710449]
 [1322.83898926]
 [1317.35412598]
 [1322.16394043]]
som [7939.32397461]
counter 11 [[1313.51586914]
 [1339.29394531]
 [1324.15710449]
 [1322.83898926]
 [1317.35412598]
 [1316.99499512]]
som [7934.1550293]
counter 12 [[1313.51586914]
 [1339.29394531]
 [1324.15710449]
 [1317.67016602]
 [1322.52282715]
 [1322.16394043]]
som [7939.32385254]
counter 13 [[1313.51586914]
 [1339.29394531]
 [1324.15710449]
 [1317.67016602]
 [1322.52282715]
 [1316.99499512]]
som [7934.15490723]
counter 14 [[1313.51586914]
 [1339.29394531]
 [1324.15710449]
 [1317.67016602]
 [1317.35412598]
 [1322.16394043]]
som [7934.15515137]
counter 15 [[1313.51586914]
 [1339.29394531]
 [1324.15710449]
 [1317.67016602]
 [1317.35412598]
 [1316.99499512]]
som [7928.98620605]
counter 16 [[1313.51586914]
 [1334.12512207]
 [1329.3260498 ]
 [1322.83898926]
 [1322.52282715]
 [1322.16394043]]
som [7944.49279785]
counter 17 [[1313.51586914]
 [1334.12512207]
 [1329.3260498 ]
 [1322.83898926]
 [1322.52282715]
 [1316.99499512]]
som [7939.32385254]
counter 18 [[1313.51586914]
 [1334.12512207]
 [1329.3260498 ]
 [1322.83898926]
 [1317.35412598]
 [1322.16394043]]
som [7939.32409668]
counter 19 [[1313.51586914]
 [1334.12512207]
 [1329.3260498 ]
 [1322.83898926]
 [1317.35412598]
 [1316.99499512]]
som [7934.15515137]
counter 20 [[1313.51586914]
 [1334.12512207]
 [1329.3260498 ]
 [1317.67016602]
 [1322.52282715]
 [1322.16394043]]
som [7939.32397461]
counter 21 [[1313.51586914]
 [1334.12512207]
 [1329.3260498 ]
 [1317.67016602]
 [1322.52282715]
 [1316.99499512]]
som [7934.1550293]
counter 22 [[1313.51586914]
 [1334.12512207]
 [1329.3260498 ]
 [1317.67016602]
 [1317.35412598]
 [1322.16394043]]
som [7934.15527344]
counter 23 [[1313.51586914]
 [1334.12512207]
 [1329.3260498 ]
 [1317.67016602]
 [1317.35412598]
 [1316.99499512]]
som [7928.98632812]
counter 24 [[1313.51586914]
 [1334.12512207]
 [1324.15710449]
 [1322.83898926]
 [1322.52282715]
 [1322.16394043]]
som [7939.32385254]
counter 25 [[1313.51586914]
 [1334.12512207]
 [1324.15710449]
 [1322.83898926]
 [1322.52282715]
 [1316.99499512]]
som [7934.15490723]
counter 26 [[1313.51586914]
 [1334.12512207]
 [1324.15710449]
 [1322.83898926]
 [1317.35412598]
 [1322.16394043]]
som [7934.15515137]
counter 27 [[1313.51586914]
 [1334.12512207]
 [1324.15710449]
 [1322.83898926]
 [1317.35412598]
 [1316.99499512]]
som [7928.98620605]
counter 28 [[1313.51586914]
 [1334.12512207]
 [1324.15710449]
 [1317.67016602]
 [1322.52282715]
 [1322.16394043]]
som [7934.1550293]
counter 29 [[1313.51586914]
 [1334.12512207]
 [1324.15710449]
 [1317.67016602]
 [1322.52282715]
 [1316.99499512]]
som [7928.98608398]
counter 30 [[1313.51586914]
 [1334.12512207]
 [1324.15710449]
 [1317.67016602]
 [1317.35412598]
 [1322.16394043]]
som [7928.98632812]
counter 31 [[1313.51586914]
 [1334.12512207]
 [1324.15710449]
 [1317.67016602]
 [1317.35412598]
 [1316.99499512]]
som [7923.81738281]
counter 32 [[1314.75878906]
 [1339.29394531]
 [1329.3260498 ]
 [1322.83898926]
 [1322.52282715]
 [1322.16394043]]
som [7950.90454102]
counter 33 [[1314.75878906]
 [1339.29394531]
 [1329.3260498 ]
 [1322.83898926]
 [1322.52282715]
 [1316.99499512]]
som [7945.7355957]
counter 34 [[1314.75878906]
 [1339.29394531]
 [1329.3260498 ]
 [1322.83898926]
 [1317.35412598]
 [1322.16394043]]
som [7945.73583984]
counter 35 [[1314.75878906]
 [1339.29394531]
 [1329.3260498 ]
 [1322.83898926]
 [1317.35412598]
 [1316.99499512]]
som [7940.56689453]
counter 36 [[1314.75878906]
 [1339.29394531]
 [1329.3260498 ]
 [1317.67016602]
 [1322.52282715]
 [1322.16394043]]
som [7945.73571777]
counter 37 [[1314.75878906]
 [1339.29394531]
 [1329.3260498 ]
 [1317.67016602]
 [1322.52282715]
 [1316.99499512]]
som [7940.56677246]
counter 38 [[1314.75878906]
 [1339.29394531]
 [1329.3260498 ]
 [1317.67016602]
 [1317.35412598]
 [1322.16394043]]
som [7940.5670166]
counter 39 [[1314.75878906]
 [1339.29394531]
 [1329.3260498 ]
 [1317.67016602]
 [1317.35412598]
 [1316.99499512]]
som [7935.39807129]
counter 40 [[1314.75878906]
 [1339.29394531]
 [1324.15710449]
 [1322.83898926]
 [1322.52282715]
 [1322.16394043]]
som [7945.7355957]
counter 41 [[1314.75878906]
 [1339.29394531]
 [1324.15710449]
 [1322.83898926]
 [1322.52282715]
 [1316.99499512]]
som [7940.56665039]
counter 42 [[1314.75878906]
 [1339.29394531]
 [1324.15710449]
 [1322.83898926]
 [1317.35412598]
 [1322.16394043]]
som [7940.56689453]
counter 43 [[1314.75878906]
 [1339.29394531]
 [1324.15710449]
 [1322.83898926]
 [1317.35412598]
 [1316.99499512]]
som [7935.39794922]
counter 44 [[1314.75878906]
 [1339.29394531]
 [1324.15710449]
 [1317.67016602]
 [1322.52282715]
 [1322.16394043]]
som [7940.56677246]
counter 45 [[1314.75878906]
 [1339.29394531]
 [1324.15710449]
 [1317.67016602]
 [1322.52282715]
 [1316.99499512]]
som [7935.39782715]
counter 46 [[1314.75878906]
 [1339.29394531]
 [1324.15710449]
 [1317.67016602]
 [1317.35412598]
 [1322.16394043]]
som [7935.39807129]
counter 47 [[1314.75878906]
 [1339.29394531]
 [1324.15710449]
 [1317.67016602]
 [1317.35412598]
 [1316.99499512]]
som [7930.22912598]
counter 48 [[1314.75878906]
 [1334.12512207]
 [1329.3260498 ]
 [1322.83898926]
 [1322.52282715]
 [1322.16394043]]
som [7945.73571777]
counter 49 [[1314.75878906]
 [1334.12512207]
 [1329.3260498 ]
 [1322.83898926]
 [1322.52282715]
 [1316.99499512]]
som [7940.56677246]
counter 50 [[1314.75878906]
 [1334.12512207]
 [1329.3260498 ]
 [1322.83898926]
 [1317.35412598]
 [1322.16394043]]
som [7940.5670166]
counter 51 [[1314.75878906]
 [1334.12512207]
 [1329.3260498 ]
 [1322.83898926]
 [1317.35412598]
 [1316.99499512]]
som [7935.39807129]
counter 52 [[1314.75878906]
 [1334.12512207]
 [1329.3260498 ]
 [1317.67016602]
 [1322.52282715]
 [1322.16394043]]
som [7940.56689453]
counter 53 [[1314.75878906]
 [1334.12512207]
 [1329.3260498 ]
 [1317.67016602]
 [1322.52282715]
 [1316.99499512]]
som [7935.39794922]
counter 54 [[1314.75878906]
 [1334.12512207]
 [1329.3260498 ]
 [1317.67016602]
 [1317.35412598]
 [1322.16394043]]
som [7935.39819336]
counter 55 [[1314.75878906]
 [1334.12512207]
 [1329.3260498 ]
 [1317.67016602]
 [1317.35412598]
 [1316.99499512]]
som [7930.22924805]
counter 56 [[1314.75878906]
 [1334.12512207]
 [1324.15710449]
 [1322.83898926]
 [1322.52282715]
 [1322.16394043]]
som [7940.56677246]
counter 57 [[1314.75878906]
 [1334.12512207]
 [1324.15710449]
 [1322.83898926]
 [1322.52282715]
 [1316.99499512]]
som [7935.39782715]
counter 58 [[1314.75878906]
 [1334.12512207]
 [1324.15710449]
 [1322.83898926]
 [1317.35412598]
 [1322.16394043]]
som [7935.39807129]
counter 59 [[1314.75878906]
 [1334.12512207]
 [1324.15710449]
 [1322.83898926]
 [1317.35412598]
 [1316.99499512]]
som [7930.22912598]
counter 60 [[1314.75878906]
 [1334.12512207]
 [1324.15710449]
 [1317.67016602]
 [1322.52282715]
 [1322.16394043]]
som [7935.39794922]
counter 61 [[1314.75878906]
 [1334.12512207]
 [1324.15710449]
 [1317.67016602]
 [1322.52282715]
 [1316.99499512]]
som [7930.22900391]
counter 62 [[1314.75878906]
 [1334.12512207]
 [1324.15710449]
 [1317.67016602]
 [1317.35412598]
 [1322.16394043]]
som [7930.22924805]
counter 63 [[1314.75878906]
 [1334.12512207]
 [1324.15710449]
 [1317.67016602]
 [1317.35412598]
 [1316.99499512]]
som [7925.06030273]
32 [7950.90454102]
treatment paln for  10 [[1]
 [1]
 [1]
 [1]
 [1]
 [1]]
calculating case 11
counter 0 [[1340.29882812]
 [1338.12536621]
 [1327.73583984]
 [1321.4934082 ]
 [1327.36755371]
 [1322.83068848]]
som [7977.85168457]
counter 1 [[1340.29882812]
 [1338.12536621]
 [1327.73583984]
 [1321.4934082 ]
 [1327.36755371]
 [1317.6619873 ]]
som [7972.6829834]
counter 2 [[1340.29882812]
 [1338.12536621]
 [1327.73583984]
 [1321.4934082 ]
 [1322.19885254]
 [1322.83068848]]
som [7972.6829834]
counter 3 [[1340.29882812]
 [1338.12536621]
 [1327.73583984]
 [1321.4934082 ]
 [1322.19885254]
 [1317.6619873 ]]
som [7967.51428223]
counter 4 [[1340.29882812]
 [1338.12536621]
 [1327.73583984]
 [1316.32458496]
 [1327.36755371]
 [1322.83068848]]
som [7972.68286133]
counter 5 [[1340.29882812]
 [1338.12536621]
 [1327.73583984]
 [1316.32458496]
 [1327.36755371]
 [1317.6619873 ]]
som [7967.51416016]
counter 6 [[1340.29882812]
 [1338.12536621]
 [1327.73583984]
 [1316.32458496]
 [1322.19885254]
 [1322.83068848]]
som [7967.51416016]
counter 7 [[1340.29882812]
 [1338.12536621]
 [1327.73583984]
 [1316.32458496]
 [1322.19885254]
 [1317.6619873 ]]
som [7962.34545898]
counter 8 [[1340.29882812]
 [1338.12536621]
 [1322.56689453]
 [1321.4934082 ]
 [1327.36755371]
 [1322.83068848]]
som [7972.68273926]
counter 9 [[1340.29882812]
 [1338.12536621]
 [1322.56689453]
 [1321.4934082 ]
 [1327.36755371]
 [1317.6619873 ]]
som [7967.51403809]
counter 10 [[1340.29882812]
 [1338.12536621]
 [1322.56689453]
 [1321.4934082 ]
 [1322.19885254]
 [1322.83068848]]
som [7967.51403809]
counter 11 [[1340.29882812]
 [1338.12536621]
 [1322.56689453]
 [1321.4934082 ]
 [1322.19885254]
 [1317.6619873 ]]
som [7962.34533691]
counter 12 [[1340.29882812]
 [1338.12536621]
 [1322.56689453]
 [1316.32458496]
 [1327.36755371]
 [1322.83068848]]
som [7967.51391602]
counter 13 [[1340.29882812]
 [1338.12536621]
 [1322.56689453]
 [1316.32458496]
 [1327.36755371]
 [1317.6619873 ]]
som [7962.34521484]
counter 14 [[1340.29882812]
 [1338.12536621]
 [1322.56689453]
 [1316.32458496]
 [1322.19885254]
 [1322.83068848]]
som [7962.34521484]
counter 15 [[1340.29882812]
 [1338.12536621]
 [1322.56689453]
 [1316.32458496]
 [1322.19885254]
 [1317.6619873 ]]
som [7957.17651367]
counter 16 [[1340.29882812]
 [1332.95666504]
 [1327.73583984]
 [1321.4934082 ]
 [1327.36755371]
 [1322.83068848]]
som [7972.6829834]
counter 17 [[1340.29882812]
 [1332.95666504]
 [1327.73583984]
 [1321.4934082 ]
 [1327.36755371]
 [1317.6619873 ]]
som [7967.51428223]
counter 18 [[1340.29882812]
 [1332.95666504]
 [1327.73583984]
 [1321.4934082 ]
 [1322.19885254]
 [1322.83068848]]
som [7967.51428223]
counter 19 [[1340.29882812]
 [1332.95666504]
 [1327.73583984]
 [1321.4934082 ]
 [1322.19885254]
 [1317.6619873 ]]
som [7962.34558105]
counter 20 [[1340.29882812]
 [1332.95666504]
 [1327.73583984]
 [1316.32458496]
 [1327.36755371]
 [1322.83068848]]
som [7967.51416016]
counter 21 [[1340.29882812]
 [1332.95666504]
 [1327.73583984]
 [1316.32458496]
 [1327.36755371]
 [1317.6619873 ]]
som [7962.34545898]
counter 22 [[1340.29882812]
 [1332.95666504]
 [1327.73583984]
 [1316.32458496]
 [1322.19885254]
 [1322.83068848]]
som [7962.34545898]
counter 23 [[1340.29882812]
 [1332.95666504]
 [1327.73583984]
 [1316.32458496]
 [1322.19885254]
 [1317.6619873 ]]
som [7957.17675781]
counter 24 [[1340.29882812]
 [1332.95666504]
 [1322.56689453]
 [1321.4934082 ]
 [1327.36755371]
 [1322.83068848]]
som [7967.51403809]
counter 25 [[1340.29882812]
 [1332.95666504]
 [1322.56689453]
 [1321.4934082 ]
 [1327.36755371]
 [1317.6619873 ]]
som [7962.34533691]
counter 26 [[1340.29882812]
 [1332.95666504]
 [1322.56689453]
 [1321.4934082 ]
 [1322.19885254]
 [1322.83068848]]
som [7962.34533691]
counter 27 [[1340.29882812]
 [1332.95666504]
 [1322.56689453]
 [1321.4934082 ]
 [1322.19885254]
 [1317.6619873 ]]
som [7957.17663574]
counter 28 [[1340.29882812]
 [1332.95666504]
 [1322.56689453]
 [1316.32458496]
 [1327.36755371]
 [1322.83068848]]
som [7962.34521484]
counter 29 [[1340.29882812]
 [1332.95666504]
 [1322.56689453]
 [1316.32458496]
 [1327.36755371]
 [1317.6619873 ]]
som [7957.17651367]
counter 30 [[1340.29882812]
 [1332.95666504]
 [1322.56689453]
 [1316.32458496]
 [1322.19885254]
 [1322.83068848]]
som [7957.17651367]
counter 31 [[1340.29882812]
 [1332.95666504]
 [1322.56689453]
 [1316.32458496]
 [1322.19885254]
 [1317.6619873 ]]
som [7952.0078125]
counter 32 [[1341.54187012]
 [1338.12536621]
 [1327.73583984]
 [1321.4934082 ]
 [1327.36755371]
 [1322.83068848]]
som [7979.09472656]
counter 33 [[1341.54187012]
 [1338.12536621]
 [1327.73583984]
 [1321.4934082 ]
 [1327.36755371]
 [1317.6619873 ]]
som [7973.92602539]
counter 34 [[1341.54187012]
 [1338.12536621]
 [1327.73583984]
 [1321.4934082 ]
 [1322.19885254]
 [1322.83068848]]
som [7973.92602539]
counter 35 [[1341.54187012]
 [1338.12536621]
 [1327.73583984]
 [1321.4934082 ]
 [1322.19885254]
 [1317.6619873 ]]
som [7968.75732422]
counter 36 [[1341.54187012]
 [1338.12536621]
 [1327.73583984]
 [1316.32458496]
 [1327.36755371]
 [1322.83068848]]
som [7973.92590332]
counter 37 [[1341.54187012]
 [1338.12536621]
 [1327.73583984]
 [1316.32458496]
 [1327.36755371]
 [1317.6619873 ]]
som [7968.75720215]
counter 38 [[1341.54187012]
 [1338.12536621]
 [1327.73583984]
 [1316.32458496]
 [1322.19885254]
 [1322.83068848]]
som [7968.75720215]
counter 39 [[1341.54187012]
 [1338.12536621]
 [1327.73583984]
 [1316.32458496]
 [1322.19885254]
 [1317.6619873 ]]
som [7963.58850098]
counter 40 [[1341.54187012]
 [1338.12536621]
 [1322.56689453]
 [1321.4934082 ]
 [1327.36755371]
 [1322.83068848]]
som [7973.92578125]
counter 41 [[1341.54187012]
 [1338.12536621]
 [1322.56689453]
 [1321.4934082 ]
 [1327.36755371]
 [1317.6619873 ]]
som [7968.75708008]
counter 42 [[1341.54187012]
 [1338.12536621]
 [1322.56689453]
 [1321.4934082 ]
 [1322.19885254]
 [1322.83068848]]
som [7968.75708008]
counter 43 [[1341.54187012]
 [1338.12536621]
 [1322.56689453]
 [1321.4934082 ]
 [1322.19885254]
 [1317.6619873 ]]
som [7963.58837891]
counter 44 [[1341.54187012]
 [1338.12536621]
 [1322.56689453]
 [1316.32458496]
 [1327.36755371]
 [1322.83068848]]
som [7968.75695801]
counter 45 [[1341.54187012]
 [1338.12536621]
 [1322.56689453]
 [1316.32458496]
 [1327.36755371]
 [1317.6619873 ]]
som [7963.58825684]
counter 46 [[1341.54187012]
 [1338.12536621]
 [1322.56689453]
 [1316.32458496]
 [1322.19885254]
 [1322.83068848]]
som [7963.58825684]
counter 47 [[1341.54187012]
 [1338.12536621]
 [1322.56689453]
 [1316.32458496]
 [1322.19885254]
 [1317.6619873 ]]
som [7958.41955566]
counter 48 [[1341.54187012]
 [1332.95666504]
 [1327.73583984]
 [1321.4934082 ]
 [1327.36755371]
 [1322.83068848]]
som [7973.92602539]
counter 49 [[1341.54187012]
 [1332.95666504]
 [1327.73583984]
 [1321.4934082 ]
 [1327.36755371]
 [1317.6619873 ]]
som [7968.75732422]
counter 50 [[1341.54187012]
 [1332.95666504]
 [1327.73583984]
 [1321.4934082 ]
 [1322.19885254]
 [1322.83068848]]
som [7968.75732422]
counter 51 [[1341.54187012]
 [1332.95666504]
 [1327.73583984]
 [1321.4934082 ]
 [1322.19885254]
 [1317.6619873 ]]
som [7963.58862305]
counter 52 [[1341.54187012]
 [1332.95666504]
 [1327.73583984]
 [1316.32458496]
 [1327.36755371]
 [1322.83068848]]
som [7968.75720215]
counter 53 [[1341.54187012]
 [1332.95666504]
 [1327.73583984]
 [1316.32458496]
 [1327.36755371]
 [1317.6619873 ]]
som [7963.58850098]
counter 54 [[1341.54187012]
 [1332.95666504]
 [1327.73583984]
 [1316.32458496]
 [1322.19885254]
 [1322.83068848]]
som [7963.58850098]
counter 55 [[1341.54187012]
 [1332.95666504]
 [1327.73583984]
 [1316.32458496]
 [1322.19885254]
 [1317.6619873 ]]
som [7958.4197998]
counter 56 [[1341.54187012]
 [1332.95666504]
 [1322.56689453]
 [1321.4934082 ]
 [1327.36755371]
 [1322.83068848]]
som [7968.75708008]
counter 57 [[1341.54187012]
 [1332.95666504]
 [1322.56689453]
 [1321.4934082 ]
 [1327.36755371]
 [1317.6619873 ]]
som [7963.58837891]
counter 58 [[1341.54187012]
 [1332.95666504]
 [1322.56689453]
 [1321.4934082 ]
 [1322.19885254]
 [1322.83068848]]
som [7963.58837891]
counter 59 [[1341.54187012]
 [1332.95666504]
 [1322.56689453]
 [1321.4934082 ]
 [1322.19885254]
 [1317.6619873 ]]
som [7958.41967773]
counter 60 [[1341.54187012]
 [1332.95666504]
 [1322.56689453]
 [1316.32458496]
 [1327.36755371]
 [1322.83068848]]
som [7963.58825684]
counter 61 [[1341.54187012]
 [1332.95666504]
 [1322.56689453]
 [1316.32458496]
 [1327.36755371]
 [1317.6619873 ]]
som [7958.41955566]
counter 62 [[1341.54187012]
 [1332.95666504]
 [1322.56689453]
 [1316.32458496]
 [1322.19885254]
 [1322.83068848]]
som [7958.41955566]
counter 63 [[1341.54187012]
 [1332.95666504]
 [1322.56689453]
 [1316.32458496]
 [1322.19885254]
 [1317.66186523]]
som [7953.25073242]
32 [7979.09472656]
treatment paln for  11 [[1]
 [1]
 [1]
 [1]
 [1]
 [1]]
