Finish data loading.
Finish defining problem.
Finish treatment effects model training and testing.
Finish predictor model evaluation.
Overall performance
results
{' productionvolume + mse': array([648.90592   , 453.05019389, 294.37640238, 173.38290241,
        89.20852043,  37.69575928,  12.58120363,   3.46321052,
         1.22941303,   1.00168646,   0.99978953,   1.        ,
         1.        ,   1.        ,          nan,          nan,
                nan,          nan,          nan,          nan])}
overall result
122.77821439704985
counter 0 [[1.00000000e+00]
 [1.48063898e-03]
 [2.73317099e-04]
 [3.40998173e-04]
 [3.48716974e-04]
 [2.38209963e-04]]
counter 1 [[1.00000000e+00]
 [1.48063898e-03]
 [2.73317099e-04]
 [3.40998173e-04]
 [3.48716974e-04]
 [5.63263893e-06]]
counter 2 [[1.00000000e+00]
 [1.48063898e-03]
 [2.73317099e-04]
 [3.40998173e-04]
 [1.04308128e-05]
 [2.56657600e-04]]
counter 3 [[1.00000000e+00]
 [1.48063898e-03]
 [2.73317099e-04]
 [3.40998173e-04]
 [1.04308128e-05]
 [5.75184822e-06]]
counter 4 [[1.00000000e+00]
 [1.48063898e-03]
 [2.73317099e-04]
 [1.02221966e-05]
 [3.25083733e-04]
 [2.20030546e-04]]
counter 5 [[1.00000000e+00]
 [1.48063898e-03]
 [2.73317099e-04]
 [1.02221966e-05]
 [3.25083733e-04]
 [5.15580177e-06]]
counter 6 [[1.00000000e+00]
 [1.48063898e-03]
 [2.73317099e-04]
 [1.02221966e-05]
 [9.29832458e-06]
 [2.43157148e-04]]
counter 7 [[1.00000000e+00]
 [1.48063898e-03]
 [2.73317099e-04]
 [1.02221966e-05]
 [9.29832458e-06]
 [5.30481339e-06]]
counter 8 [[1.00000000e+00]
 [1.48063898e-03]
 [7.98702240e-06]
 [3.40968370e-04]
 [3.33458185e-04]
 [2.17735767e-04]]
counter 9 [[1.00000000e+00]
 [1.48063898e-03]
 [7.98702240e-06]
 [3.40968370e-04]
 [3.33458185e-04]
 [5.12599945e-06]]
counter 10 [[1.00000000e+00]
 [1.48063898e-03]
 [7.98702240e-06]
 [3.40968370e-04]
 [9.83476639e-06]
 [2.36809254e-04]]
counter 11 [[1.00000000e+00]
 [1.48063898e-03]
 [7.98702240e-06]
 [3.40968370e-04]
 [9.83476639e-06]
 [5.24520874e-06]]
counter 12 [[1.00000000e+00]
 [1.48063898e-03]
 [7.98702240e-06]
 [9.68575478e-06]
 [3.13311815e-04]
 [1.99288130e-04]]
counter 13 [[1.00000000e+00]
 [1.48063898e-03]
 [7.98702240e-06]
 [9.68575478e-06]
 [3.13311815e-04]
 [4.64916229e-06]]
counter 14 [[1.00000000e+00]
 [1.48063898e-03]
 [7.98702240e-06]
 [9.68575478e-06]
 [8.70227814e-06]
 [2.22951174e-04]]
counter 15 [[1.00000000e+00]
 [1.48063898e-03]
 [7.98702240e-06]
 [9.68575478e-06]
 [8.70227814e-06]
 [4.76837158e-06]]
counter 16 [[1.00000000e+00]
 [4.85181808e-05]
 [2.75939703e-04]
 [3.50087881e-04]
 [3.36527824e-04]
 [2.17914581e-04]]
counter 17 [[1.00000000e+00]
 [4.85181808e-05]
 [2.75939703e-04]
 [3.50087881e-04]
 [3.36527824e-04]
 [5.12599945e-06]]
counter 18 [[1.00000000e+00]
 [4.85181808e-05]
 [2.75939703e-04]
 [3.50087881e-04]
 [9.92417336e-06]
 [2.34812498e-04]]
counter 19 [[1.00000000e+00]
 [4.85181808e-05]
 [2.75939703e-04]
 [3.50087881e-04]
 [9.92417336e-06]
 [5.18560410e-06]]
counter 20 [[1.00000000e+00]
 [4.85181808e-05]
 [2.75939703e-04]
 [1.01625919e-05]
 [3.13073397e-04]
 [1.99675560e-04]]
counter 21 [[1.00000000e+00]
 [4.85181808e-05]
 [2.75939703e-04]
 [1.01625919e-05]
 [3.13073397e-04]
 [4.61935997e-06]]
counter 22 [[1.00000000e+00]
 [4.85181808e-05]
 [2.75939703e-04]
 [1.01625919e-05]
 [8.76188278e-06]
 [2.21043825e-04]]
counter 23 [[1.00000000e+00]
 [4.85181808e-05]
 [2.75939703e-04]
 [1.01625919e-05]
 [8.76188278e-06]
 [4.64916229e-06]]
counter 24 [[1.00000000e+00]
 [4.85181808e-05]
 [7.45058060e-06]
 [3.50415707e-04]
 [3.22341919e-04]
 [1.97947025e-04]]
counter 25 [[1.00000000e+00]
 [4.85181808e-05]
 [7.45058060e-06]
 [3.50415707e-04]
 [3.22341919e-04]
 [4.70876694e-06]]
counter 26 [[1.00000000e+00]
 [4.85181808e-05]
 [7.45058060e-06]
 [3.50415707e-04]
 [9.29832458e-06]
 [2.15351582e-04]]
counter 27 [[1.00000000e+00]
 [4.85181808e-05]
 [7.45058060e-06]
 [3.50415707e-04]
 [9.29832458e-06]
 [4.67896461e-06]]
counter 28 [[1.00000000e+00]
 [4.85181808e-05]
 [7.45058060e-06]
 [9.50694084e-06]
 [3.02702188e-04]
 [1.80244446e-04]]
counter 29 [[1.00000000e+00]
 [4.85181808e-05]
 [7.45058060e-06]
 [9.50694084e-06]
 [3.02702188e-04]
 [4.17232513e-06]]
counter 30 [[1.00000000e+00]
 [4.85181808e-05]
 [7.45058060e-06]
 [9.50694084e-06]
 [8.22544098e-06]
 [2.01970339e-04]]
counter 31 [[1.00000000e+00]
 [4.85181808e-05]
 [7.45058060e-06]
 [9.50694084e-06]
 [8.22544098e-06]
 [4.32133675e-06]]
counter 32 [[1.00000000e+00]
 [2.26965547e-03]
 [3.06367874e-04]
 [3.49551439e-04]
 [3.54617834e-04]
 [2.41667032e-04]]
counter 33 [[1.00000000e+00]
 [2.26965547e-03]
 [3.06367874e-04]
 [3.49551439e-04]
 [3.54617834e-04]
 [5.78165054e-06]]
counter 34 [[1.00000000e+00]
 [2.26965547e-03]
 [3.06367874e-04]
 [3.49551439e-04]
 [1.06692314e-05]
 [2.62051821e-04]]
counter 35 [[1.00000000e+00]
 [2.26965547e-03]
 [3.06367874e-04]
 [3.49551439e-04]
 [1.06692314e-05]
 [5.81145287e-06]]
counter 36 [[1.00000000e+00]
 [2.26965547e-03]
 [3.06367874e-04]
 [1.04606152e-05]
 [3.32832336e-04]
 [2.23696232e-04]]
counter 37 [[1.00000000e+00]
 [2.26965547e-03]
 [3.06367874e-04]
 [1.04606152e-05]
 [3.32832336e-04]
 [5.24520874e-06]]
counter 38 [[1.00000000e+00]
 [2.26965547e-03]
 [3.06367874e-04]
 [1.04606152e-05]
 [9.56654549e-06]
 [2.49207020e-04]]
counter 39 [[1.00000000e+00]
 [2.26965547e-03]
 [3.06367874e-04]
 [1.04606152e-05]
 [9.56654549e-06]
 [5.30481339e-06]]
counter 40 [[1.00000000e+00]
 [2.26965547e-03]
 [9.17911530e-06]
 [3.55124474e-04]
 [3.40104103e-04]
 [2.21550465e-04]]
counter 41 [[1.00000000e+00]
 [2.26965547e-03]
 [9.17911530e-06]
 [3.55124474e-04]
 [3.40104103e-04]
 [5.24520874e-06]]
counter 42 [[1.00000000e+00]
 [2.26965547e-03]
 [9.17911530e-06]
 [3.55124474e-04]
 [1.00731850e-05]
 [2.42739916e-04]]
counter 43 [[1.00000000e+00]
 [2.26965547e-03]
 [9.17911530e-06]
 [3.55124474e-04]
 [1.00731850e-05]
 [5.33461571e-06]]
counter 44 [[1.00000000e+00]
 [2.26965547e-03]
 [9.17911530e-06]
 [1.01625919e-05]
 [3.21924686e-04]
 [2.03400850e-04]]
counter 45 [[1.00000000e+00]
 [2.26965547e-03]
 [9.17911530e-06]
 [1.01625919e-05]
 [3.21924686e-04]
 [4.73856926e-06]]
counter 46 [[1.00000000e+00]
 [2.26965547e-03]
 [9.17911530e-06]
 [1.01625919e-05]
 [9.08970833e-06]
 [2.29388475e-04]]
counter 47 [[1.00000000e+00]
 [2.26965547e-03]
 [9.17911530e-06]
 [1.01625919e-05]
 [9.08970833e-06]
 [4.94718552e-06]]
counter 48 [[1.00000000e+00]
 [7.34329224e-05]
 [3.11046839e-04]
 [3.61561775e-04]
 [3.42458487e-04]
 [2.20984221e-04]]
counter 49 [[1.00000000e+00]
 [7.34329224e-05]
 [3.11046839e-04]
 [3.61561775e-04]
 [3.42458487e-04]
 [5.30481339e-06]]
counter 50 [[1.00000000e+00]
 [7.34329224e-05]
 [3.11046839e-04]
 [3.61561775e-04]
 [1.01327896e-05]
 [2.39938498e-04]]
counter 51 [[1.00000000e+00]
 [7.34329224e-05]
 [3.11046839e-04]
 [3.61561775e-04]
 [1.01327896e-05]
 [5.33461571e-06]]
counter 52 [[1.00000000e+00]
 [7.34329224e-05]
 [3.11046839e-04]
 [1.05500221e-05]
 [3.20792198e-04]
 [2.03102827e-04]]
counter 53 [[1.00000000e+00]
 [7.34329224e-05]
 [3.11046839e-04]
 [1.05500221e-05]
 [3.20792198e-04]
 [4.67896461e-06]]
counter 54 [[1.00000000e+00]
 [7.34329224e-05]
 [3.11046839e-04]
 [1.05500221e-05]
 [9.03010368e-06]
 [2.26765871e-04]]
counter 55 [[1.00000000e+00]
 [7.34329224e-05]
 [3.11046839e-04]
 [1.05500221e-05]
 [9.03010368e-06]
 [4.94718552e-06]]
counter 56 [[1.00000000e+00]
 [7.34329224e-05]
 [8.49366188e-06]
 [3.68356705e-04]
 [3.29107046e-04]
 [2.01284885e-04]]
counter 57 [[1.00000000e+00]
 [7.34329224e-05]
 [8.49366188e-06]
 [3.68356705e-04]
 [3.29107046e-04]
 [4.73856926e-06]]
counter 58 [[1.00000000e+00]
 [7.34329224e-05]
 [8.49366188e-06]
 [3.68356705e-04]
 [9.62615013e-06]
 [2.20805407e-04]]
counter 59 [[1.00000000e+00]
 [7.34329224e-05]
 [8.49366188e-06]
 [3.68356705e-04]
 [9.62615013e-06]
 [4.82797623e-06]]
counter 60 [[1.00000000e+00]
 [7.34329224e-05]
 [8.49366188e-06]
 [1.01625919e-05]
 [3.11374664e-04]
 [1.83880329e-04]]
counter 61 [[1.00000000e+00]
 [7.34329224e-05]
 [8.49366188e-06]
 [1.01625919e-05]
 [3.11374664e-04]
 [4.26173210e-06]]
counter 62 [[1.00000000e+00]
 [7.34329224e-05]
 [8.49366188e-06]
 [1.01625919e-05]
 [8.58306885e-06]
 [2.07930803e-04]]
counter 63 [[1.00000000e+00]
 [7.34329224e-05]
 [8.49366188e-06]
 [1.01625919e-05]
 [8.58306885e-06]
 [4.50015068e-06]]
counter 0 [[1.00000000e+00]
 [1.48063898e-03]
 [2.73317099e-04]
 [3.40998173e-04]
 [3.48716974e-04]
 [2.38209963e-04]]
som [1.00268188]
counter 1 [[1.00000000e+00]
 [1.48063898e-03]
 [2.73317099e-04]
 [3.40998173e-04]
 [3.48716974e-04]
 [5.63263893e-06]]
som [1.0024493]
counter 2 [[1.00000000e+00]
 [1.48063898e-03]
 [2.73317099e-04]
 [3.40998173e-04]
 [1.04308128e-05]
 [2.56657600e-04]]
som [1.00236204]
counter 3 [[1.00000000e+00]
 [1.48063898e-03]
 [2.73317099e-04]
 [3.40998173e-04]
 [1.04308128e-05]
 [5.75184822e-06]]
som [1.00211114]
counter 4 [[1.00000000e+00]
 [1.48063898e-03]
 [2.73317099e-04]
 [1.02221966e-05]
 [3.25083733e-04]
 [2.20030546e-04]]
som [1.00230929]
counter 5 [[1.00000000e+00]
 [1.48063898e-03]
 [2.73317099e-04]
 [1.02221966e-05]
 [3.25083733e-04]
 [5.15580177e-06]]
som [1.00209442]
counter 6 [[1.00000000e+00]
 [1.48063898e-03]
 [2.73317099e-04]
 [1.02221966e-05]
 [9.29832458e-06]
 [2.43157148e-04]]
som [1.00201663]
counter 7 [[1.00000000e+00]
 [1.48063898e-03]
 [2.73317099e-04]
 [1.02221966e-05]
 [9.29832458e-06]
 [5.30481339e-06]]
som [1.00177878]
counter 8 [[1.00000000e+00]
 [1.48063898e-03]
 [7.98702240e-06]
 [3.40968370e-04]
 [3.33458185e-04]
 [2.17735767e-04]]
som [1.00238079]
counter 9 [[1.00000000e+00]
 [1.48063898e-03]
 [7.98702240e-06]
 [3.40968370e-04]
 [3.33458185e-04]
 [5.12599945e-06]]
som [1.00216818]
counter 10 [[1.00000000e+00]
 [1.48063898e-03]
 [7.98702240e-06]
 [3.40968370e-04]
 [9.83476639e-06]
 [2.36809254e-04]]
som [1.00207624]
counter 11 [[1.00000000e+00]
 [1.48063898e-03]
 [7.98702240e-06]
 [3.40968370e-04]
 [9.83476639e-06]
 [5.24520874e-06]]
som [1.00184467]
counter 12 [[1.00000000e+00]
 [1.48063898e-03]
 [7.98702240e-06]
 [9.68575478e-06]
 [3.13311815e-04]
 [1.99288130e-04]]
som [1.00201091]
counter 13 [[1.00000000e+00]
 [1.48063898e-03]
 [7.98702240e-06]
 [9.68575478e-06]
 [3.13311815e-04]
 [4.64916229e-06]]
som [1.00181627]
counter 14 [[1.00000000e+00]
 [1.48063898e-03]
 [7.98702240e-06]
 [9.68575478e-06]
 [8.70227814e-06]
 [2.22951174e-04]]
som [1.00172997]
counter 15 [[1.00000000e+00]
 [1.48063898e-03]
 [7.98702240e-06]
 [9.68575478e-06]
 [8.70227814e-06]
 [4.76837158e-06]]
som [1.00151178]
counter 16 [[1.00000000e+00]
 [4.85181808e-05]
 [2.75939703e-04]
 [3.50087881e-04]
 [3.36527824e-04]
 [2.17914581e-04]]
som [1.00122899]
counter 17 [[1.00000000e+00]
 [4.85181808e-05]
 [2.75939703e-04]
 [3.50087881e-04]
 [3.36527824e-04]
 [5.12599945e-06]]
som [1.0010162]
counter 18 [[1.00000000e+00]
 [4.85181808e-05]
 [2.75939703e-04]
 [3.50087881e-04]
 [9.92417336e-06]
 [2.34812498e-04]]
som [1.00091928]
counter 19 [[1.00000000e+00]
 [4.85181808e-05]
 [2.75939703e-04]
 [3.50087881e-04]
 [9.92417336e-06]
 [5.18560410e-06]]
som [1.00068966]
counter 20 [[1.00000000e+00]
 [4.85181808e-05]
 [2.75939703e-04]
 [1.01625919e-05]
 [3.13073397e-04]
 [1.99675560e-04]]
som [1.00084737]
counter 21 [[1.00000000e+00]
 [4.85181808e-05]
 [2.75939703e-04]
 [1.01625919e-05]
 [3.13073397e-04]
 [4.61935997e-06]]
som [1.00065231]
counter 22 [[1.00000000e+00]
 [4.85181808e-05]
 [2.75939703e-04]
 [1.01625919e-05]
 [8.76188278e-06]
 [2.21043825e-04]]
som [1.00056443]
counter 23 [[1.00000000e+00]
 [4.85181808e-05]
 [2.75939703e-04]
 [1.01625919e-05]
 [8.76188278e-06]
 [4.64916229e-06]]
som [1.00034803]
counter 24 [[1.00000000e+00]
 [4.85181808e-05]
 [7.45058060e-06]
 [3.50415707e-04]
 [3.22341919e-04]
 [1.97947025e-04]]
som [1.00092667]
counter 25 [[1.00000000e+00]
 [4.85181808e-05]
 [7.45058060e-06]
 [3.50415707e-04]
 [3.22341919e-04]
 [4.70876694e-06]]
som [1.00073344]
counter 26 [[1.00000000e+00]
 [4.85181808e-05]
 [7.45058060e-06]
 [3.50415707e-04]
 [9.29832458e-06]
 [2.15351582e-04]]
som [1.00063103]
counter 27 [[1.00000000e+00]
 [4.85181808e-05]
 [7.45058060e-06]
 [3.50415707e-04]
 [9.29832458e-06]
 [4.67896461e-06]]
som [1.00042036]
counter 28 [[1.00000000e+00]
 [4.85181808e-05]
 [7.45058060e-06]
 [9.50694084e-06]
 [3.02702188e-04]
 [1.80244446e-04]]
som [1.00054842]
counter 29 [[1.00000000e+00]
 [4.85181808e-05]
 [7.45058060e-06]
 [9.50694084e-06]
 [3.02702188e-04]
 [4.17232513e-06]]
som [1.00037235]
counter 30 [[1.00000000e+00]
 [4.85181808e-05]
 [7.45058060e-06]
 [9.50694084e-06]
 [8.22544098e-06]
 [2.01970339e-04]]
som [1.00027567]
counter 31 [[1.00000000e+00]
 [4.85181808e-05]
 [7.45058060e-06]
 [9.50694084e-06]
 [8.22544098e-06]
 [4.32133675e-06]]
som [1.00007802]
counter 32 [[1.00000000e+00]
 [2.26965547e-03]
 [3.06367874e-04]
 [3.49551439e-04]
 [3.54617834e-04]
 [2.41667032e-04]]
som [1.00352186]
counter 33 [[1.00000000e+00]
 [2.26965547e-03]
 [3.06367874e-04]
 [3.49551439e-04]
 [3.54617834e-04]
 [5.78165054e-06]]
som [1.00328597]
counter 34 [[1.00000000e+00]
 [2.26965547e-03]
 [3.06367874e-04]
 [3.49551439e-04]
 [1.06692314e-05]
 [2.62051821e-04]]
som [1.0031983]
counter 35 [[1.00000000e+00]
 [2.26965547e-03]
 [3.06367874e-04]
 [3.49551439e-04]
 [1.06692314e-05]
 [5.81145287e-06]]
som [1.00294206]
counter 36 [[1.00000000e+00]
 [2.26965547e-03]
 [3.06367874e-04]
 [1.04606152e-05]
 [3.32832336e-04]
 [2.23696232e-04]]
som [1.00314301]
counter 37 [[1.00000000e+00]
 [2.26965547e-03]
 [3.06367874e-04]
 [1.04606152e-05]
 [3.32832336e-04]
 [5.24520874e-06]]
som [1.00292456]
counter 38 [[1.00000000e+00]
 [2.26965547e-03]
 [3.06367874e-04]
 [1.04606152e-05]
 [9.56654549e-06]
 [2.49207020e-04]]
som [1.00284526]
counter 39 [[1.00000000e+00]
 [2.26965547e-03]
 [3.06367874e-04]
 [1.04606152e-05]
 [9.56654549e-06]
 [5.30481339e-06]]
som [1.00260136]
counter 40 [[1.00000000e+00]
 [2.26965547e-03]
 [9.17911530e-06]
 [3.55124474e-04]
 [3.40104103e-04]
 [2.21550465e-04]]
som [1.00319561]
counter 41 [[1.00000000e+00]
 [2.26965547e-03]
 [9.17911530e-06]
 [3.55124474e-04]
 [3.40104103e-04]
 [5.24520874e-06]]
som [1.00297931]
counter 42 [[1.00000000e+00]
 [2.26965547e-03]
 [9.17911530e-06]
 [3.55124474e-04]
 [1.00731850e-05]
 [2.42739916e-04]]
som [1.00288677]
counter 43 [[1.00000000e+00]
 [2.26965547e-03]
 [9.17911530e-06]
 [3.55124474e-04]
 [1.00731850e-05]
 [5.33461571e-06]]
som [1.00264937]
counter 44 [[1.00000000e+00]
 [2.26965547e-03]
 [9.17911530e-06]
 [1.01625919e-05]
 [3.21924686e-04]
 [2.03400850e-04]]
som [1.00281432]
counter 45 [[1.00000000e+00]
 [2.26965547e-03]
 [9.17911530e-06]
 [1.01625919e-05]
 [3.21924686e-04]
 [4.73856926e-06]]
som [1.00261566]
counter 46 [[1.00000000e+00]
 [2.26965547e-03]
 [9.17911530e-06]
 [1.01625919e-05]
 [9.08970833e-06]
 [2.29388475e-04]]
som [1.00252748]
counter 47 [[1.00000000e+00]
 [2.26965547e-03]
 [9.17911530e-06]
 [1.01625919e-05]
 [9.08970833e-06]
 [4.94718552e-06]]
som [1.00230303]
counter 48 [[1.00000000e+00]
 [7.34329224e-05]
 [3.11046839e-04]
 [3.61561775e-04]
 [3.42458487e-04]
 [2.20984221e-04]]
som [1.00130948]
counter 49 [[1.00000000e+00]
 [7.34329224e-05]
 [3.11046839e-04]
 [3.61561775e-04]
 [3.42458487e-04]
 [5.30481339e-06]]
som [1.0010938]
counter 50 [[1.00000000e+00]
 [7.34329224e-05]
 [3.11046839e-04]
 [3.61561775e-04]
 [1.01327896e-05]
 [2.39938498e-04]]
som [1.00099611]
counter 51 [[1.00000000e+00]
 [7.34329224e-05]
 [3.11046839e-04]
 [3.61561775e-04]
 [1.01327896e-05]
 [5.33461571e-06]]
som [1.00076151]
counter 52 [[1.00000000e+00]
 [7.34329224e-05]
 [3.11046839e-04]
 [1.05500221e-05]
 [3.20792198e-04]
 [2.03102827e-04]]
som [1.00091892]
counter 53 [[1.00000000e+00]
 [7.34329224e-05]
 [3.11046839e-04]
 [1.05500221e-05]
 [3.20792198e-04]
 [4.67896461e-06]]
som [1.0007205]
counter 54 [[1.00000000e+00]
 [7.34329224e-05]
 [3.11046839e-04]
 [1.05500221e-05]
 [9.03010368e-06]
 [2.26765871e-04]]
som [1.00063083]
counter 55 [[1.00000000e+00]
 [7.34329224e-05]
 [3.11046839e-04]
 [1.05500221e-05]
 [9.03010368e-06]
 [4.94718552e-06]]
som [1.00040901]
counter 56 [[1.00000000e+00]
 [7.34329224e-05]
 [8.49366188e-06]
 [3.68356705e-04]
 [3.29107046e-04]
 [2.01284885e-04]]
som [1.00098068]
counter 57 [[1.00000000e+00]
 [7.34329224e-05]
 [8.49366188e-06]
 [3.68356705e-04]
 [3.29107046e-04]
 [4.73856926e-06]]
som [1.00078413]
counter 58 [[1.00000000e+00]
 [7.34329224e-05]
 [8.49366188e-06]
 [3.68356705e-04]
 [9.62615013e-06]
 [2.20805407e-04]]
som [1.00068071]
counter 59 [[1.00000000e+00]
 [7.34329224e-05]
 [8.49366188e-06]
 [3.68356705e-04]
 [9.62615013e-06]
 [4.82797623e-06]]
som [1.00046474]
counter 60 [[1.00000000e+00]
 [7.34329224e-05]
 [8.49366188e-06]
 [1.01625919e-05]
 [3.11374664e-04]
 [1.83880329e-04]]
som [1.00058734]
counter 61 [[1.00000000e+00]
 [7.34329224e-05]
 [8.49366188e-06]
 [1.01625919e-05]
 [3.11374664e-04]
 [4.26173210e-06]]
som [1.00040773]
counter 62 [[1.00000000e+00]
 [7.34329224e-05]
 [8.49366188e-06]
 [1.01625919e-05]
 [8.58306885e-06]
 [2.07930803e-04]]
som [1.0003086]
counter 63 [[1.00000000e+00]
 [7.34329224e-05]
 [8.49366188e-06]
 [1.01625919e-05]
 [8.58306885e-06]
 [4.50015068e-06]]
som [1.00010517]
treatment paln for  6 [[1]
 [1]
 [1]
 [1]
 [1]
 [1]]
