Finish data loading.
Finish defining problem.
Finish treatment effects model training and testing.
Finish predictor model evaluation.
Overall performance
results
{' productionvolume + mse': array([874.11950467, 775.95827858, 683.80006525, 598.21674218,
       519.18581766, 445.78734991, 377.62720951, 316.37556715,
       259.59734447, 208.55886893, 163.75237782, 124.53828639,
        91.01445829,  63.64356709,          nan,          nan,
                nan,          nan,          nan,          nan])}
overall result
393.0125312791787
counter 0 [[1.]
 [1.]
 [1.]
 [1.]
 [1.]
 [1.]]
som [6.]
counter 1 [[1.]
 [1.]
 [1.]
 [1.]
 [1.]
 [1.]]
som [6.]
counter 2 [[1.]
 [1.]
 [1.]
 [1.]
 [1.]
 [1.]]
som [6.]
counter 3 [[1.]
 [1.]
 [1.]
 [1.]
 [1.]
 [1.]]
som [6.]
counter 4 [[1.]
 [1.]
 [1.]
 [1.]
 [1.]
 [1.]]
som [6.]
counter 5 [[1.]
 [1.]
 [1.]
 [1.]
 [1.]
 [1.]]
som [6.]
counter 6 [[1.]
 [1.]
 [1.]
 [1.]
 [1.]
 [1.]]
som [6.]
counter 7 [[1.]
 [1.]
 [1.]
 [1.]
 [1.]
 [1.]]
som [6.]
counter 8 [[1.]
 [1.]
 [1.]
 [1.]
 [1.]
 [1.]]
som [6.]
counter 9 [[1.]
 [1.]
 [1.]
 [1.]
 [1.]
 [1.]]
som [6.]
counter 10 [[1.]
 [1.]
 [1.]
 [1.]
 [1.]
 [1.]]
som [6.]
counter 11 [[1.]
 [1.]
 [1.]
 [1.]
 [1.]
 [1.]]
som [6.]
counter 12 [[1.]
 [1.]
 [1.]
 [1.]
 [1.]
 [1.]]
som [6.]
counter 13 [[1.]
 [1.]
 [1.]
 [1.]
 [1.]
 [1.]]
som [6.]
counter 14 [[1.]
 [1.]
 [1.]
 [1.]
 [1.]
 [1.]]
som [6.]
counter 15 [[1.]
 [1.]
 [1.]
 [1.]
 [1.]
 [1.]]
som [6.]
counter 16 [[1.]
 [1.]
 [1.]
 [1.]
 [1.]
 [1.]]
som [6.]
counter 17 [[1.]
 [1.]
 [1.]
 [1.]
 [1.]
 [1.]]
som [6.]
counter 18 [[1.]
 [1.]
 [1.]
 [1.]
 [1.]
 [1.]]
som [6.]
counter 19 [[1.]
 [1.]
 [1.]
 [1.]
 [1.]
 [1.]]
som [6.]
counter 20 [[1.]
 [1.]
 [1.]
 [1.]
 [1.]
 [1.]]
som [6.]
counter 21 [[1.]
 [1.]
 [1.]
 [1.]
 [1.]
 [1.]]
som [6.]
counter 22 [[1.]
 [1.]
 [1.]
 [1.]
 [1.]
 [1.]]
som [6.]
counter 23 [[1.]
 [1.]
 [1.]
 [1.]
 [1.]
 [1.]]
som [6.]
counter 24 [[1.]
 [1.]
 [1.]
 [1.]
 [1.]
 [1.]]
som [6.]
counter 25 [[1.]
 [1.]
 [1.]
 [1.]
 [1.]
 [1.]]
som [6.]
counter 26 [[1.]
 [1.]
 [1.]
 [1.]
 [1.]
 [1.]]
som [6.]
counter 27 [[1.]
 [1.]
 [1.]
 [1.]
 [1.]
 [1.]]
som [6.]
counter 28 [[1.]
 [1.]
 [1.]
 [1.]
 [1.]
 [1.]]
som [6.]
counter 29 [[1.]
 [1.]
 [1.]
 [1.]
 [1.]
 [1.]]
som [6.]
counter 30 [[1.]
 [1.]
 [1.]
 [1.]
 [1.]
 [1.]]
som [6.]
counter 31 [[1.]
 [1.]
 [1.]
 [1.]
 [1.]
 [1.]]
som [6.]
counter 32 [[1.]
 [1.]
 [1.]
 [1.]
 [1.]
 [1.]]
som [6.]
counter 33 [[1.]
 [1.]
 [1.]
 [1.]
 [1.]
 [1.]]
som [6.]
counter 34 [[1.]
 [1.]
 [1.]
 [1.]
 [1.]
 [1.]]
som [6.]
counter 35 [[1.]
 [1.]
 [1.]
 [1.]
 [1.]
 [1.]]
som [6.]
counter 36 [[1.]
 [1.]
 [1.]
 [1.]
 [1.]
 [1.]]
som [6.]
counter 37 [[1.]
 [1.]
 [1.]
 [1.]
 [1.]
 [1.]]
som [6.]
counter 38 [[1.]
 [1.]
 [1.]
 [1.]
 [1.]
 [1.]]
som [6.]
counter 39 [[1.]
 [1.]
 [1.]
 [1.]
 [1.]
 [1.]]
som [6.]
counter 40 [[1.]
 [1.]
 [1.]
 [1.]
 [1.]
 [1.]]
som [6.]
counter 41 [[1.]
 [1.]
 [1.]
 [1.]
 [1.]
 [1.]]
som [6.]
counter 42 [[1.]
 [1.]
 [1.]
 [1.]
 [1.]
 [1.]]
som [6.]
counter 43 [[1.]
 [1.]
 [1.]
 [1.]
 [1.]
 [1.]]
som [6.]
counter 44 [[1.]
 [1.]
 [1.]
 [1.]
 [1.]
 [1.]]
som [6.]
counter 45 [[1.]
 [1.]
 [1.]
 [1.]
 [1.]
 [1.]]
som [6.]
counter 46 [[1.]
 [1.]
 [1.]
 [1.]
 [1.]
 [1.]]
som [6.]
counter 47 [[1.]
 [1.]
 [1.]
 [1.]
 [1.]
 [1.]]
som [6.]
counter 48 [[1.]
 [1.]
 [1.]
 [1.]
 [1.]
 [1.]]
som [6.]
counter 49 [[1.]
 [1.]
 [1.]
 [1.]
 [1.]
 [1.]]
som [6.]
counter 50 [[1.]
 [1.]
 [1.]
 [1.]
 [1.]
 [1.]]
som [6.]
counter 51 [[1.]
 [1.]
 [1.]
 [1.]
 [1.]
 [1.]]
som [6.]
counter 52 [[1.]
 [1.]
 [1.]
 [1.]
 [1.]
 [1.]]
som [6.]
counter 53 [[1.]
 [1.]
 [1.]
 [1.]
 [1.]
 [1.]]
som [6.]
counter 54 [[1.]
 [1.]
 [1.]
 [1.]
 [1.]
 [1.]]
som [6.]
counter 55 [[1.]
 [1.]
 [1.]
 [1.]
 [1.]
 [1.]]
som [6.]
counter 56 [[1.]
 [1.]
 [1.]
 [1.]
 [1.]
 [1.]]
som [6.]
counter 57 [[1.]
 [1.]
 [1.]
 [1.]
 [1.]
 [1.]]
som [6.]
counter 58 [[1.]
 [1.]
 [1.]
 [1.]
 [1.]
 [1.]]
som [6.]
counter 59 [[1.]
 [1.]
 [1.]
 [1.]
 [1.]
 [1.]]
som [6.]
counter 60 [[1.]
 [1.]
 [1.]
 [1.]
 [1.]
 [1.]]
som [6.]
counter 61 [[1.]
 [1.]
 [1.]
 [1.]
 [1.]
 [1.]]
som [6.]
counter 62 [[1.]
 [1.]
 [1.]
 [1.]
 [1.]
 [1.]]
som [6.]
counter 63 [[1.]
 [1.]
 [1.]
 [1.]
 [1.]
 [1.]]
som [6.]
treatment paln for  6 [[0]
 [1]
 [1]
 [1]
 [1]
 [1]]
